(-145,-52)  -> {(-154,-44) (-153,-44) (-152,-44) (-151,-44) (-150,-44) }
(-147,-44)  -> {(-153,-45) (-153,-44) (-152,-45) (-151,-45) (-150,-45) (-149,-45) (-152,-44) (-151,-44) (-150,-44) (-149,-44) }
(-147,-43)  -> {(-152,-45) (-151,-45) (-150,-45) (-149,-45) (-152,-44) (-151,-44) (-150,-44) (-149,-44) (-148,-45) (-148,-44) }
(-146,-44)  -> {(-150,-44) (-149,-44) (-148,-44) (-147,-44) (-146,-44) (-145,-44) }
(-146,-43)  -> {(-149,-44) (-148,-44) (-147,-44) (-146,-44) (-145,-44) (-144,-44) }
(-145,-44)  -> {(-146,-44) (-145,-44) (-144,-44) (-143,-44) (-142,-44) }
(-145,-43)  -> {(-145,-44) (-144,-44) (-143,-44) (-142,-44) (-141,-44) }
(-144,-52)  -> {(-151,-44) (-151,-43) (-150,-44) (-150,-43) (-149,-44) (-149,-43) (-148,-44) (-148,-43) (-147,-44) (-147,-43) }
(-144,-51)  -> {(-150,-44) (-150,-43) (-149,-44) (-149,-43) (-148,-44) (-148,-43) (-147,-44) (-147,-43) (-146,-44) (-146,-43) }
(-143,-52)  -> {(-148,-43) (-147,-43) (-146,-43) (-145,-43) (-144,-43) }
(-143,-51)  -> {(-147,-43) (-146,-43) (-145,-43) (-144,-43) (-143,-43) }
(-142,-52)  -> {(-145,-43) (-144,-43) (-143,-43) (-142,-43) (-141,-43) }
(-142,-51)  -> {(-144,-43) (-143,-43) (-142,-43) (-141,-43) (-140,-43) }
(-141,-52)  -> {(-142,-43) (-141,-43) (-142,-42) (-141,-42) (-140,-43) (-139,-43) (-140,-42) (-139,-42) (-138,-43) (-138,-42) }
(-141,-51)  -> {(-141,-43) (-141,-42) (-140,-43) (-139,-43) (-140,-42) (-139,-42) (-138,-43) (-137,-43) (-138,-42) (-137,-42) }
(-144,-44)  -> {(-143,-44) (-143,-43) (-142,-44) (-142,-43) (-141,-44) (-141,-43) (-140,-44) (-140,-43) (-139,-44) (-139,-43) }
(-144,-43)  -> {(-142,-44) (-142,-43) (-141,-44) (-141,-43) (-140,-44) (-140,-43) (-139,-44) (-139,-43) (-138,-44) (-138,-43) }
(-173,49)  -> {(-151,-52) (-150,-52) (-149,-52) (-148,-52) (-147,-52) (-146,-52) }
(-172,48)  -> {(-148,-52) (-147,-52) (-146,-52) (-145,-52) (-144,-52) (-143,-52) }
(-172,49)  -> {(-147,-52) (-146,-52) (-145,-52) (-144,-52) (-143,-52) (-142,-52) }
(-171,48)  -> {(-144,-52) (-144,-51) (-143,-52) (-143,-51) (-142,-52) (-142,-51) (-141,-52) (-141,-51) (-140,-52) (-140,-51) }
(-171,49)  -> {(-143,-52) (-143,-51) (-142,-52) (-142,-51) (-141,-52) (-141,-51) (-140,-52) (-140,-51) (-139,-52) (-139,-51) }
(-170,48)  -> {(-141,-52) (-141,-51) (-140,-52) (-140,-51) (-139,-52) (-139,-51) (-138,-52) (-138,-51) (-137,-52) (-137,-51) (-136,-52) (-136,-51) }
(-170,49)  -> {(-140,-52) (-140,-51) (-139,-52) (-139,-51) (-138,-52) (-138,-51) (-137,-52) (-137,-51) (-136,-52) (-136,-51) (-135,-52) (-135,-51) }
(-116,43)  -> {(23,-35) (24,-35) (25,-35) (26,-35) (27,-35) }
(-115,43)  -> {(26,-35) (27,-35) (28,-35) (29,-35) }
(-114,42)  -> {(27,-35) (27,-34) (28,-35) (29,-35) (28,-34) (29,-34) (30,-35) (31,-35) (30,-34) (31,-34) }
(-114,43)  -> {(28,-35) (29,-35) (28,-34) (29,-34) (30,-35) (31,-35) (30,-34) (31,-34) (32,-35) (32,-34) }
(-113,42)  -> {(30,-34) (31,-34) (32,-34) (33,-34) }
(-113,43)  -> {(31,-34) (32,-34) (33,-34) (34,-34) }
(-116,44)  -> {(24,-35) (25,-35) (26,-35) (27,-35) (28,-35) }
(-116,45)  -> {(25,-35) (26,-35) (27,-35) (28,-35) (29,-35) }
(-115,44)  -> {(27,-35) (28,-35) (29,-35) (30,-35) }
(-115,45)  -> {(28,-35) (29,-35) (30,-35) (31,-35) }
(-114,44)  -> {(29,-35) (29,-34) (30,-35) (31,-35) (30,-34) (31,-34) (32,-35) (33,-35) (32,-34) (33,-34) }
(-114,45)  -> {(30,-35) (31,-35) (30,-34) (31,-34) (32,-35) (33,-35) (32,-34) (33,-34) (34,-35) (34,-34) }
(-113,44)  -> {(32,-34) (33,-34) (34,-34) (35,-34) }
(-113,45)  -> {(33,-34) (34,-34) (35,-34) (36,-34) }
(-112,42)  -> {(32,-34) (33,-34) (34,-34) (35,-34) (36,-34) }
(-112,43)  -> {(33,-34) (34,-34) (35,-34) (36,-34) (37,-34) }
(-111,42)  -> {(35,-34) (35,-33) (36,-34) (36,-33) (37,-34) (37,-33) (38,-34) (38,-33) }
(-111,43)  -> {(36,-34) (36,-33) (37,-34) (37,-33) (38,-34) (38,-33) (39,-34) (39,-33) }
(-110,42)  -> {(37,-34) (37,-33) (38,-34) (38,-33) (39,-34) (39,-33) (40,-34) (40,-33) (41,-34) (41,-33) }
(-110,43)  -> {(38,-34) (38,-33) (39,-34) (39,-33) (40,-34) (40,-33) (41,-34) (41,-33) (42,-34) (42,-33) }
(-109,42)  -> {(40,-33) (41,-33) (42,-33) (43,-33) }
(-109,43)  -> {(41,-33) (42,-33) (43,-33) (44,-33) }
(-112,44)  -> {(34,-34) (35,-34) (36,-34) (37,-34) (38,-34) }
(-112,45)  -> {(35,-34) (36,-34) (37,-34) (38,-34) (39,-34) }
(-111,44)  -> {(37,-34) (37,-33) (38,-34) (38,-33) (39,-34) (39,-33) (40,-34) (40,-33) }
(-111,45)  -> {(38,-34) (38,-33) (39,-34) (39,-33) (40,-34) (40,-33) (41,-34) (41,-33) }
(-110,44)  -> {(39,-34) (39,-33) (40,-34) (40,-33) (41,-34) (41,-33) (42,-34) (42,-33) (43,-34) (43,-33) }
(-110,45)  -> {(40,-34) (40,-33) (41,-34) (41,-33) (42,-34) (42,-33) (43,-34) (43,-33) (44,-34) (44,-33) }
(-109,44)  -> {(42,-33) (43,-33) (44,-33) (45,-33) }
(-109,45)  -> {(43,-33) (44,-33) (45,-33) (46,-33) }
(-108,42)  -> {(42,-33) (43,-33) (44,-33) (45,-33) }
(-108,43)  -> {(43,-33) (44,-33) (45,-33) (46,-33) }
(-107,42)  -> {(44,-33) (45,-33) (46,-33) (47,-33) (48,-33) (44,-32) (45,-32) (46,-32) (47,-32) (48,-32) }
(-107,43)  -> {(45,-33) (46,-33) (47,-33) (48,-33) (49,-33) (45,-32) (46,-32) (47,-32) (48,-32) (49,-32) }
(-106,41)  -> {(46,-32) (47,-32) (48,-32) (49,-32) }
(-105,41)  -> {(48,-32) (49,-32) (50,-32) (51,-32) }
(-106,42)  -> {(47,-32) (48,-32) (49,-32) (50,-32) }
(-105,42)  -> {(49,-32) (50,-32) (51,-32) (52,-32) }
(-108,44)  -> {(44,-33) (45,-33) (46,-33) (47,-33) }
(-108,45)  -> {(45,-33) (46,-33) (47,-33) (48,-33) }
(-107,44)  -> {(46,-33) (47,-33) (48,-33) (49,-33) (50,-33) (46,-32) (47,-32) (48,-32) (49,-32) (50,-32) }
(-107,45)  -> {(47,-33) (48,-33) (49,-33) (50,-33) (51,-33) (47,-32) (48,-32) (49,-32) (50,-32) (51,-32) }
(-106,44)  -> {(49,-32) (50,-32) (51,-32) (52,-32) }
(-106,45)  -> {(50,-32) (51,-32) (52,-32) (53,-32) }
(-105,44)  -> {(51,-32) (52,-32) (53,-32) (54,-32) }
(-105,45)  -> {(52,-32) (53,-32) (54,-32) (55,-32) }
(-104,41)  -> {(50,-32) (50,-31) (51,-32) (51,-31) (52,-32) (52,-31) (53,-32) (53,-31) }
(-103,41)  -> {(52,-31) (53,-31) (54,-31) (55,-31) (56,-31) }
(-104,42)  -> {(51,-32) (51,-31) (52,-32) (52,-31) (53,-32) (53,-31) (54,-32) (54,-31) }
(-103,42)  -> {(53,-31) (54,-31) (55,-31) (56,-31) (57,-31) }
(-103,43)  -> {(54,-31) (55,-31) (56,-31) (57,-31) (58,-31) }
(-102,41)  -> {(55,-31) (56,-31) (57,-31) (58,-31) }
(-101,41)  -> {(57,-31) (57,-30) (58,-31) (59,-31) (58,-30) (59,-30) (60,-31) (60,-30) }
(-102,42)  -> {(56,-31) (57,-31) (58,-31) (59,-31) }
(-102,43)  -> {(57,-31) (58,-31) (59,-31) (60,-31) }
(-101,42)  -> {(58,-31) (59,-31) (58,-30) (59,-30) (60,-31) (61,-31) (60,-30) (61,-30) }
(-101,43)  -> {(59,-31) (59,-30) (60,-31) (61,-31) (60,-30) (61,-30) (62,-31) (62,-30) }
(-104,44)  -> {(53,-32) (53,-31) (54,-32) (54,-31) (55,-32) (55,-31) (56,-32) (56,-31) }
(-103,44)  -> {(55,-31) (56,-31) (57,-31) (58,-31) (59,-31) }
(-102,44)  -> {(58,-31) (59,-31) (60,-31) (61,-31) }
(-101,44)  -> {(60,-31) (61,-31) (60,-30) (61,-30) (62,-31) (63,-31) (62,-30) (63,-30) }
(-100,41)  -> {(59,-31) (59,-30) (60,-31) (61,-31) (60,-30) (61,-30) (62,-31) (62,-30) }
(-99,41)  -> {(61,-30) (62,-30) (63,-30) (64,-30) }
(-100,42)  -> {(60,-31) (61,-31) (60,-30) (61,-30) (62,-31) (63,-31) (62,-30) (63,-30) }
(-100,43)  -> {(61,-31) (61,-30) (62,-31) (63,-31) (62,-30) (63,-30) (64,-31) (64,-30) }
(-99,42)  -> {(62,-30) (63,-30) (64,-30) (65,-30) }
(-99,43)  -> {(63,-30) (64,-30) (65,-30) (66,-30) }
(-98,41)  -> {(63,-30) (64,-30) (65,-30) (66,-30) (67,-30) }
(-97,41)  -> {(66,-30) (66,-29) (67,-30) (67,-29) (68,-30) (68,-29) (69,-30) (69,-29) }
(-98,42)  -> {(64,-30) (65,-30) (66,-30) (67,-30) (68,-30) }
(-98,43)  -> {(65,-30) (66,-30) (67,-30) (68,-30) (69,-30) }
(-97,42)  -> {(67,-30) (67,-29) (68,-30) (68,-29) (69,-30) (69,-29) (70,-30) (70,-29) }
(-97,43)  -> {(68,-30) (68,-29) (69,-30) (69,-29) (70,-30) (70,-29) (71,-30) (71,-29) }
(-100,44)  -> {(62,-31) (63,-31) (62,-30) (63,-30) (64,-31) (65,-31) (64,-30) (65,-30) }
(-99,44)  -> {(64,-30) (65,-30) (66,-30) (67,-30) }
(-98,44)  -> {(66,-30) (67,-30) (68,-30) (69,-30) (70,-30) }
(-97,44)  -> {(69,-30) (69,-29) (70,-30) (70,-29) (71,-30) (71,-29) (72,-30) (72,-29) }
(-96,41)  -> {(68,-29) (69,-29) (70,-29) (71,-29) }
(-95,40)  -> {(69,-29) (70,-29) (71,-29) (72,-29) }
(-95,41)  -> {(70,-29) (71,-29) (72,-29) (73,-29) }
(-96,43)  -> {(70,-29) (71,-29) (72,-29) (73,-29) }
(-93,40)  -> {(73,-28) (74,-28) (75,-28) (76,-28) }
(-93,41)  -> {(74,-28) (75,-28) (76,-28) (77,-28) }
(-94,43)  -> {(74,-29) (75,-29) (74,-28) (75,-28) (76,-29) (77,-29) (76,-28) (77,-28) }
(-93,43)  -> {(76,-28) (77,-28) (78,-28) (79,-28) }
(-96,44)  -> {(71,-29) (72,-29) (73,-29) (74,-29) }
(-92,40)  -> {(75,-28) (76,-28) (77,-28) (78,-28) }
(-92,41)  -> {(76,-28) (77,-28) (78,-28) (79,-28) }
(-91,40)  -> {(77,-28) (77,-27) (78,-28) (78,-27) (79,-28) (79,-27) (80,-28) (80,-27) }
(-91,41)  -> {(78,-28) (78,-27) (79,-28) (79,-27) (80,-28) (80,-27) (81,-28) (81,-27) }
(-92,43)  -> {(78,-28) (79,-28) (80,-28) (81,-28) }
(-91,42)  -> {(79,-28) (79,-27) (80,-28) (80,-27) (81,-28) (81,-27) (82,-28) (82,-27) }
(-91,43)  -> {(80,-28) (80,-27) (81,-28) (81,-27) (82,-28) (82,-27) (83,-28) (83,-27) }
(-90,40)  -> {(79,-28) (79,-27) (80,-28) (80,-27) (81,-28) (81,-27) (82,-28) (82,-27) }
(-90,41)  -> {(80,-28) (80,-27) (81,-28) (81,-27) (82,-28) (82,-27) (83,-28) (83,-27) }
(-89,40)  -> {(81,-27) (82,-27) (83,-27) (84,-27) }
(-89,41)  -> {(82,-27) (83,-27) (84,-27) (85,-27) }
(-90,42)  -> {(81,-28) (81,-27) (82,-28) (82,-27) (83,-28) (83,-27) (84,-28) (84,-27) }
(-90,43)  -> {(82,-28) (82,-27) (83,-28) (83,-27) (84,-28) (84,-27) (85,-28) (85,-27) }
(-89,42)  -> {(83,-27) (84,-27) (85,-27) (86,-27) }
(-89,43)  -> {(84,-27) (85,-27) (86,-27) (87,-27) }
(-87,39)  -> {(84,-27) (85,-27) (84,-26) (85,-26) (86,-27) (87,-27) (86,-26) (87,-26) }
(-86,39)  -> {(86,-26) (87,-26) (88,-26) }
(-85,39)  -> {(87,-26) (88,-26) (89,-26) (90,-26) }
(-84,39)  -> {(89,-26) (89,-25) (90,-26) (90,-25) (91,-26) (91,-25) (92,-26) (92,-25) }
(-83,39)  -> {(91,-25) (92,-25) (93,-25) (94,-25) }
(-88,40)  -> {(83,-27) (84,-27) (85,-27) (86,-27) }
(-87,40)  -> {(85,-27) (85,-26) (86,-27) (87,-27) (86,-26) (87,-26) (88,-27) (88,-26) }
(-88,42)  -> {(85,-27) (86,-27) (87,-27) (88,-27) }
(-88,43)  -> {(86,-27) (87,-27) (88,-27) (89,-27) }
(-87,42)  -> {(87,-27) (87,-26) (88,-27) (89,-27) (88,-26) (89,-26) (90,-27) (90,-26) }
(-87,43)  -> {(88,-27) (89,-27) (88,-26) (89,-26) (90,-27) (91,-27) (90,-26) (91,-26) }
(-86,40)  -> {(87,-26) (88,-26) (89,-26) }
(-85,40)  -> {(88,-26) (89,-26) (90,-26) (91,-26) }
(-86,42)  -> {(89,-26) (90,-26) (91,-26) }
(-86,43)  -> {(90,-26) (91,-26) (92,-26) }
(-85,42)  -> {(90,-26) (91,-26) (92,-26) (93,-26) }
(-85,43)  -> {(91,-26) (92,-26) (93,-26) (94,-26) }
(-84,40)  -> {(90,-26) (90,-25) (91,-26) (91,-25) (92,-26) (92,-25) (93,-26) (93,-25) }
(-83,40)  -> {(92,-25) (93,-25) (94,-25) (95,-25) }
(-74,41)  -> {(109,-23) (109,-22) (110,-23) (111,-23) (110,-22) (111,-22) }
(-73,41)  -> {(110,-22) (111,-22) (112,-22) (113,-22) }
(-74,42)  -> {(110,-23) (111,-23) (110,-22) (111,-22) (112,-23) (112,-22) }
(-73,42)  -> {(111,-22) (112,-22) (113,-22) (114,-22) }
(-72,38)  -> {(109,-22) (110,-22) (111,-22) }
(-72,39)  -> {(110,-22) (111,-22) (112,-22) }
(-71,38)  -> {(110,-22) (110,-21) (111,-22) (111,-21) (112,-22) (112,-21) (113,-22) (113,-21) }
(-71,39)  -> {(111,-22) (111,-21) (112,-22) (112,-21) (113,-22) (113,-21) (114,-22) (114,-21) }
(-69,37)  -> {(112,-21) (113,-21) (114,-21) (115,-21) }
(-70,38)  -> {(112,-22) (112,-21) (113,-22) (113,-21) (114,-22) (114,-21) }
(-69,38)  -> {(113,-21) (114,-21) (115,-21) (116,-21) }
(-68,37)  -> {(114,-21) (115,-21) (116,-21) }
(-67,37)  -> {(115,-21) (115,-20) (116,-21) (117,-21) (118,-21) (116,-20) (117,-20) (118,-20) }
(-68,38)  -> {(115,-21) (116,-21) (117,-21) }
(-67,38)  -> {(116,-21) (117,-21) (118,-21) (119,-21) (116,-20) (117,-20) (118,-20) (119,-20) }
(-66,37)  -> {(117,-20) (118,-20) (119,-20) }
(-65,37)  -> {(118,-20) (119,-20) (120,-20) (121,-20) }
(-66,38)  -> {(118,-20) (119,-20) (120,-20) }
(-65,38)  -> {(119,-20) (120,-20) (121,-20) (122,-20) }
(-72,41)  -> {(112,-22) (113,-22) (114,-22) }
(-71,41)  -> {(113,-22) (113,-21) (114,-22) (114,-21) (115,-22) (115,-21) (116,-22) (116,-21) }
(-72,42)  -> {(113,-22) (114,-22) (115,-22) }
(-71,42)  -> {(114,-22) (114,-21) (115,-22) (115,-21) (116,-22) (116,-21) (117,-22) (117,-21) }
(-70,41)  -> {(115,-22) (115,-21) (116,-22) (116,-21) (117,-22) (117,-21) }
(-69,41)  -> {(116,-21) (117,-21) (118,-21) (119,-21) }
(-68,41)  -> {(118,-21) (119,-21) (120,-21) }
(-67,41)  -> {(119,-21) (119,-20) (120,-21) (121,-21) (122,-21) (120,-20) (121,-20) (122,-20) }
(-66,40)  -> {(120,-20) (121,-20) (122,-20) }
(-66,41)  -> {(121,-20) (122,-20) (123,-20) }
(-65,40)  -> {(121,-20) (122,-20) (123,-20) (124,-20) }
(-65,41)  -> {(122,-20) (123,-20) (124,-20) (125,-20) }
(-64,37)  -> {(120,-20) (120,-19) (121,-20) (121,-19) (122,-20) (122,-19) }
(-63,37)  -> {(121,-19) (122,-19) (123,-19) }
(-64,38)  -> {(121,-20) (121,-19) (122,-20) (122,-19) (123,-20) (123,-19) }
(-63,38)  -> {(122,-19) (123,-19) (124,-19) }
(-62,37)  -> {(122,-19) (123,-19) (124,-19) (125,-19) }
(-61,36)  -> {(123,-19) (123,-18) (124,-19) (125,-19) (124,-18) (125,-18) }
(-61,37)  -> {(124,-19) (125,-19) (124,-18) (125,-18) (126,-19) (126,-18) }
(-60,36)  -> {(124,-19) (125,-19) (124,-18) (125,-18) (126,-19) (126,-18) }
(-60,37)  -> {(125,-19) (125,-18) (126,-19) (127,-19) (126,-18) (127,-18) }
(-59,36)  -> {(125,-18) (126,-18) (127,-18) (128,-18) }
(-59,37)  -> {(126,-18) (127,-18) (128,-18) (129,-18) }
(-58,36)  -> {(127,-18) (128,-18) (129,-18) }
(-58,37)  -> {(128,-18) (129,-18) (130,-18) }
(-57,36)  -> {(128,-18) (128,-17) (129,-18) (129,-17) (130,-18) (130,-17) }
(-57,37)  -> {(129,-18) (129,-17) (130,-18) (130,-17) (131,-18) (131,-17) }
(-64,40)  -> {(123,-20) (123,-19) (124,-20) (124,-19) (125,-20) (125,-19) }
(-64,41)  -> {(124,-20) (124,-19) (125,-20) (125,-19) (126,-20) (126,-19) }
(-63,40)  -> {(124,-19) (125,-19) (126,-19) }
(-63,41)  -> {(125,-19) (126,-19) (127,-19) }
(-62,40)  -> {(125,-19) (126,-19) (127,-19) (128,-19) }
(-62,41)  -> {(126,-19) (127,-19) (128,-19) (129,-19) }
(-61,40)  -> {(127,-19) (127,-18) (128,-19) (129,-19) (128,-18) (129,-18) }
(-61,41)  -> {(128,-19) (129,-19) (128,-18) (129,-18) (130,-19) (130,-18) }
(-60,40)  -> {(128,-19) (129,-19) (128,-18) (129,-18) (130,-19) (130,-18) }
(-59,40)  -> {(129,-18) (130,-18) (131,-18) (132,-18) }
(-58,40)  -> {(131,-18) (132,-18) (133,-18) }
(-57,40)  -> {(132,-18) (132,-17) (133,-18) (133,-17) (134,-18) (134,-17) }
(-54,35)  -> {(131,-17) (132,-17) (133,-17) (131,-16) (132,-16) (133,-16) }
(-53,35)  -> {(132,-16) (133,-16) (134,-16) }
(-56,36)  -> {(129,-17) (130,-17) (131,-17) }
(-56,37)  -> {(130,-17) (131,-17) (132,-17) }
(-55,36)  -> {(130,-17) (131,-17) (132,-17) (133,-17) }
(-55,37)  -> {(131,-17) (132,-17) (133,-17) (134,-17) }
(-56,39)  -> {(132,-17) (133,-17) (134,-17) }
(-55,39)  -> {(133,-17) (134,-17) (135,-17) (136,-17) }
(-54,36)  -> {(132,-17) (133,-17) (134,-17) (132,-16) (133,-16) (134,-16) }
(-53,36)  -> {(133,-16) (134,-16) (135,-16) }
(-54,39)  -> {(135,-17) (136,-17) (137,-17) (135,-16) (136,-16) (137,-16) }
(-53,39)  -> {(136,-16) (137,-16) (138,-16) }
(-52,35)  -> {(133,-16) (134,-16) (135,-16) }
(-51,35)  -> {(134,-16) (134,-15) (135,-16) (135,-15) (136,-16) (136,-15) }
(-50,35)  -> {(135,-16) (135,-15) (136,-16) (136,-15) (137,-16) (137,-15) }
(-49,35)  -> {(136,-15) (137,-15) (138,-15) }
(-52,36)  -> {(134,-16) (135,-16) (136,-16) }
(-51,36)  -> {(135,-16) (135,-15) (136,-16) (136,-15) (137,-16) (137,-15) }
(-52,39)  -> {(137,-16) (138,-16) (139,-16) }
(-51,39)  -> {(138,-16) (138,-15) (139,-16) (139,-15) (140,-16) (140,-15) }
(-50,36)  -> {(136,-16) (136,-15) (137,-16) (137,-15) (138,-16) (138,-15) }
(-49,36)  -> {(137,-15) (138,-15) (139,-15) }
(-50,39)  -> {(139,-16) (139,-15) (140,-16) (140,-15) (141,-16) (141,-15) }
(-49,39)  -> {(140,-15) (141,-15) (142,-15) }
(-56,40)  -> {(133,-17) (134,-17) (135,-17) }
(-55,40)  -> {(134,-17) (135,-17) (136,-17) (137,-17) }
(-54,40)  -> {(136,-17) (137,-17) (138,-17) (136,-16) (137,-16) (138,-16) }
(-53,40)  -> {(137,-16) (138,-16) (139,-16) }
(-52,40)  -> {(138,-16) (139,-16) (140,-16) }
(-51,40)  -> {(139,-16) (139,-15) (140,-16) (140,-15) (141,-16) (141,-15) }
(-48,35)  -> {(137,-15) (138,-15) (139,-15) }
(-47,35)  -> {(138,-15) (139,-15) (138,-14) (139,-14) (140,-15) (140,-14) }
(-46,35)  -> {(139,-14) (140,-14) (141,-14) }
(-45,35)  -> {(140,-14) (141,-14) (142,-14) }
(-48,36)  -> {(138,-15) (139,-15) (140,-15) }
(-47,36)  -> {(139,-15) (139,-14) (140,-15) (141,-15) (140,-14) (141,-14) }
(-48,39)  -> {(141,-15) (142,-15) (143,-15) }
(-47,39)  -> {(142,-15) (143,-15) (142,-14) (143,-14) (144,-15) (144,-14) }
(-46,36)  -> {(140,-14) (141,-14) (142,-14) }
(-46,38)  -> {(142,-14) (143,-14) (144,-14) }
(-46,39)  -> {(143,-14) (144,-14) (145,-14) }
(-45,38)  -> {(143,-14) (144,-14) (145,-14) }
(-45,39)  -> {(144,-14) (145,-14) (146,-14) }
(-44,34)  -> {(140,-14) (140,-13) (141,-14) (141,-13) (142,-14) (142,-13) }
(-44,35)  -> {(141,-14) (141,-13) (142,-14) (142,-13) (143,-14) (143,-13) }
(-43,34)  -> {(141,-13) (142,-13) (143,-13) }
(-43,35)  -> {(142,-13) (143,-13) (144,-13) }
(-42,34)  -> {(142,-13) (143,-13) (144,-13) }
(-42,35)  -> {(143,-13) (144,-13) (145,-13) }
(-41,34)  -> {(143,-13) (143,-12) (144,-13) (145,-13) (144,-12) (145,-12) }
(-41,35)  -> {(144,-13) (145,-13) (146,-13) (144,-12) (145,-12) (146,-12) }
(-44,38)  -> {(144,-14) (144,-13) (145,-14) (145,-13) (146,-14) (146,-13) }
(-44,39)  -> {(145,-14) (145,-13) (146,-14) (146,-13) (147,-14) (147,-13) }
(-43,38)  -> {(145,-13) (146,-13) (147,-13) }
(-43,39)  -> {(146,-13) (147,-13) (148,-13) }
(-42,38)  -> {(146,-13) (147,-13) (148,-13) }
(-42,39)  -> {(147,-13) (148,-13) (149,-13) }
(-40,34)  -> {(144,-13) (145,-13) (146,-13) (144,-12) (145,-12) (146,-12) }
(-40,35)  -> {(145,-13) (146,-13) (147,-13) (145,-12) (146,-12) (147,-12) }
(-39,34)  -> {(145,-12) (146,-12) (147,-12) }
(-39,35)  -> {(146,-12) (147,-12) (148,-12) }
(-38,34)  -> {(146,-12) (147,-12) (148,-12) }
(-15,35)  -> {(160,-5) (161,-5) }
(-14,35)  -> {(160,-5) (161,-5) (162,-5) (160,-4) (161,-4) (162,-4) }
(-13,35)  -> {(161,-4) (162,-4) }
(-15,36)  -> {(161,-5) (162,-5) }
(-14,36)  -> {(161,-5) (162,-5) (163,-5) (161,-4) (162,-4) (163,-4) }
(-13,36)  -> {(162,-4) (163,-4) }
(-12,35)  -> {(161,-4) (162,-4) }
(-11,35)  -> {(161,-4) (161,-3) (162,-4) (162,-3) }
(-10,35)  -> {(161,-4) (161,-3) (162,-4) (162,-3) (163,-4) (163,-3) }
(-9,35)  -> {(162,-3) (163,-3) }
(-12,36)  -> {(162,-4) (163,-4) }
(-11,36)  -> {(162,-4) (162,-3) (163,-4) (163,-3) }
(-10,36)  -> {(162,-4) (162,-3) (163,-4) (163,-3) (164,-4) (164,-3) }
(-9,36)  -> {(163,-3) (164,-3) }
(-8,35)  -> {(162,-3) (163,-3) }
(-2,34)  -> {(161,-1) (162,-1) }
(-2,35)  -> {(162,-1) (163,-1) }
(-1,34)  -> {(161,-1) (162,-1) (163,-1) (161,0) (162,0) (163,0) }
(-1,35)  -> {(162,-1) (163,-1) (164,-1) (162,0) (163,0) (164,0) }
(29,-35)  -> {(83,8) (83,9) (84,8) (84,9) }
(29,-34)  -> {(84,8) (84,9) (85,8) (85,9) }
(30,-35)  -> {(82,8) (82,9) (83,8) (83,9) (84,8) (84,9) }
(31,-35)  -> {(81,9) (82,9) (83,9) }
(30,-34)  -> {(83,8) (83,9) (84,8) (84,9) (85,8) (85,9) }
(31,-34)  -> {(82,9) (83,9) (84,9) }
(32,-35)  -> {(81,9) (82,9) }
(33,-35)  -> {(80,9) (81,9) (80,10) (81,10) (82,9) (82,10) }
(32,-34)  -> {(82,9) (83,9) }
(33,-34)  -> {(81,9) (81,10) (82,9) (83,9) (82,10) (83,10) }
(34,-35)  -> {(79,10) (80,10) (81,10) }
(34,-34)  -> {(80,10) (81,10) (82,10) }
(35,-34)  -> {(79,10) (80,10) (81,10) }
(35,-33)  -> {(80,10) (81,10) (82,10) }
(36,-34)  -> {(79,10) (79,11) (80,10) (80,11) }
(36,-33)  -> {(80,10) (80,11) (81,10) (81,11) }
(37,-34)  -> {(78,11) (79,11) (80,11) }
(37,-33)  -> {(79,11) (80,11) (81,11) }
(38,-34)  -> {(77,11) (78,11) (79,11) }
(38,-33)  -> {(78,11) (79,11) (80,11) }
(39,-34)  -> {(76,11) (77,11) (78,11) (76,12) (77,12) (78,12) }
(39,-33)  -> {(77,11) (78,11) (79,11) (77,12) (78,12) (79,12) }
(40,-34)  -> {(75,11) (75,12) (76,11) (77,11) (76,12) (77,12) }
(40,-33)  -> {(76,11) (77,11) (78,11) (76,12) (77,12) (78,12) }
(41,-34)  -> {(74,12) (75,12) (76,12) }
(41,-33)  -> {(75,12) (76,12) (77,12) }
(42,-34)  -> {(73,12) (74,12) (75,12) }
(42,-33)  -> {(74,12) (75,12) (76,12) }
(43,-34)  -> {(72,12) (72,13) (73,12) (73,13) (74,12) (74,13) }
(43,-33)  -> {(73,12) (73,13) (74,12) (74,13) (75,12) (75,13) }
(44,-34)  -> {(71,13) (72,13) (73,13) }
(44,-33)  -> {(72,13) (73,13) (74,13) }
(45,-33)  -> {(71,13) (72,13) (73,13) }
(46,-33)  -> {(70,13) (71,13) (70,14) (71,14) (72,13) (72,14) }
(47,-33)  -> {(69,14) (70,14) (71,14) }
(48,-33)  -> {(68,14) (69,14) (70,14) }
(49,-33)  -> {(67,14) (67,15) (68,14) (68,15) (69,14) (69,15) }
(50,-33)  -> {(66,14) (66,15) (67,14) (67,15) (68,14) (68,15) }
(51,-33)  -> {(65,15) (66,15) (67,15) }
(44,-32)  -> {(73,13) (74,13) (75,13) }
(45,-32)  -> {(72,13) (73,13) (74,13) }
(46,-32)  -> {(71,13) (71,14) (72,13) (73,13) (72,14) (73,14) }
(47,-32)  -> {(70,14) (71,14) (72,14) }
(48,-32)  -> {(69,14) (70,14) (71,14) }
(49,-32)  -> {(68,14) (68,15) (69,14) (69,15) (70,14) (70,15) }
(50,-32)  -> {(67,14) (67,15) (68,14) (68,15) (69,14) (69,15) }
(50,-31)  -> {(68,14) (68,15) (69,14) (69,15) (70,14) (70,15) }
(51,-32)  -> {(66,15) (67,15) (68,15) }
(51,-31)  -> {(67,15) (68,15) (69,15) }
(52,-32)  -> {(65,15) (66,15) (67,15) }
(52,-31)  -> {(66,15) (67,15) (68,15) }
(53,-32)  -> {(64,15) (65,15) (66,15) (64,16) (65,16) (66,16) }
(53,-31)  -> {(65,15) (66,15) (67,15) (65,16) (66,16) (67,16) }
(54,-32)  -> {(62,16) (63,16) (64,16) (65,16) }
(54,-31)  -> {(63,16) (64,16) (65,16) (66,16) }
(55,-32)  -> {(61,16) (62,16) (63,16) }
(55,-31)  -> {(62,16) (63,16) (64,16) }
(56,-32)  -> {(60,16) (60,17) (61,16) (61,17) (62,16) (62,17) }
(56,-31)  -> {(61,16) (61,17) (62,16) (62,17) (63,16) (63,17) }
(57,-31)  -> {(60,17) (61,17) (62,17) }
(57,-30)  -> {(61,17) (62,17) (63,17) }
(58,-31)  -> {(58,17) (59,17) (60,17) (61,17) }
(59,-31)  -> {(57,17) (57,18) (58,17) (59,17) (58,18) (59,18) }
(58,-30)  -> {(59,17) (60,17) (61,17) (62,17) }
(59,-30)  -> {(58,17) (59,17) (58,18) (59,18) (60,17) (60,18) }
(60,-31)  -> {(56,17) (57,17) (56,18) (57,18) (58,17) (58,18) }
(61,-31)  -> {(54,18) (55,18) (56,18) (57,18) }
(60,-30)  -> {(57,17) (57,18) (58,17) (59,17) (58,18) (59,18) }
(61,-30)  -> {(55,18) (56,18) (57,18) (58,18) }
(62,-31)  -> {(53,18) (54,18) (55,18) }
(63,-31)  -> {(52,18) (52,19) (53,18) (53,19) (54,18) (54,19) }
(62,-30)  -> {(54,18) (55,18) (56,18) }
(63,-30)  -> {(53,18) (53,19) (54,18) (54,19) (55,18) (55,19) }
(64,-31)  -> {(50,19) (51,19) (52,19) (53,19) }
(65,-31)  -> {(49,19) (50,19) (51,19) }
(64,-30)  -> {(51,19) (52,19) (53,19) (54,19) }
(65,-30)  -> {(50,19) (51,19) (52,19) }
(66,-30)  -> {(48,19) (49,19) (50,19) (51,19) (48,20) (49,20) (50,20) (51,20) }
(66,-29)  -> {(49,19) (50,19) (51,19) (49,20) (50,20) (51,20) (52,19) (52,20) }
(67,-30)  -> {(47,20) (48,20) (49,20) }
(67,-29)  -> {(48,20) (49,20) (50,20) }
(68,-30)  -> {(45,20) (46,20) (47,20) (48,20) }
(68,-29)  -> {(46,20) (47,20) (48,20) (49,20) }
(69,-30)  -> {(44,20) (44,21) (45,20) (45,21) (46,20) (46,21) }
(69,-29)  -> {(45,20) (45,21) (46,20) (46,21) (47,20) (47,21) }
(78,-28)  -> {(31,23) (32,23) (33,23) (34,23) }
(78,-27)  -> {(32,23) (33,23) (34,23) (35,23) }
(79,-28)  -> {(29,23) (30,23) (31,23) (29,24) (30,24) (31,24) (32,23) (32,24) }
(79,-27)  -> {(30,23) (31,23) (30,24) (31,24) (32,23) (33,23) (32,24) (33,24) }
(80,-28)  -> {(28,23) (29,23) (30,23) (31,23) (28,24) (29,24) (30,24) (31,24) }
(80,-27)  -> {(29,23) (30,23) (31,23) (29,24) (30,24) (31,24) (32,23) (32,24) }
(81,-28)  -> {(26,24) (27,24) (28,24) (29,24) }
(81,-27)  -> {(27,24) (28,24) (29,24) (30,24) }
(82,-28)  -> {(24,24) (25,24) (26,24) (27,24) }
(82,-27)  -> {(25,24) (26,24) (27,24) (28,24) }
(83,-28)  -> {(22,24) (22,25) (23,24) (23,25) (24,24) (24,25) (25,24) (25,25) }
(83,-27)  -> {(23,24) (23,25) (24,24) (24,25) (25,24) (25,25) (26,24) (26,25) }
(84,-28)  -> {(20,25) (21,25) (22,25) (23,25) }
(84,-27)  -> {(21,25) (22,25) (23,25) (24,25) }
(85,-28)  -> {(19,25) (20,25) (21,25) }
(85,-27)  -> {(20,25) (21,25) (22,25) }
(84,-26)  -> {(22,25) (23,25) (24,25) (25,25) }
(85,-26)  -> {(21,25) (22,25) (23,25) }
(86,-27)  -> {(18,25) (19,25) (18,26) (19,26) (20,25) (21,25) (20,26) (21,26) }
(87,-27)  -> {(16,26) (17,26) (18,26) (19,26) }
(86,-26)  -> {(19,25) (19,26) (20,25) (21,25) (20,26) (21,26) (22,25) (22,26) }
(87,-26)  -> {(17,26) (18,26) (19,26) (20,26) }
(88,-27)  -> {(14,26) (15,26) (16,26) (17,26) }
(89,-27)  -> {(12,26) (12,27) (13,26) (13,27) (14,26) (14,27) (15,26) (15,27) }
(88,-26)  -> {(15,26) (16,26) (17,26) (18,26) }
(89,-26)  -> {(13,26) (13,27) (14,26) (14,27) (15,26) (15,27) (16,26) (16,27) }
(89,-25)  -> {(14,26) (14,27) (15,26) (15,27) (16,26) (16,27) (17,26) (17,27) }
(90,-27)  -> {(10,26) (10,27) (11,26) (11,27) (12,26) (12,27) (13,26) (13,27) }
(90,-26)  -> {(11,26) (11,27) (12,26) (12,27) (13,26) (13,27) (14,26) (14,27) }
(90,-25)  -> {(12,26) (12,27) (13,26) (13,27) (14,26) (14,27) (15,26) (15,27) }
(113,-22)  -> {(-37,33) (-37,34) (-36,33) (-35,33) (-36,34) (-35,34) (-34,33) (-33,33) (-34,34) (-33,34) }
(113,-21)  -> {(-36,33) (-35,33) (-36,34) (-35,34) (-34,33) (-33,33) (-34,34) (-33,34) (-32,33) (-32,34) }
(114,-22)  -> {(-39,34) (-38,34) (-37,34) (-36,34) }
(114,-21)  -> {(-38,34) (-37,34) (-36,34) (-35,34) }
(115,-22)  -> {(-42,34) (-41,34) (-40,34) (-39,34) (-38,34) }
(115,-21)  -> {(-41,34) (-40,34) (-39,34) (-38,34) (-37,34) }
(115,-20)  -> {(-40,34) (-39,34) (-38,34) (-37,34) (-36,34) }
(116,-22)  -> {(-44,34) (-44,35) (-43,34) (-43,35) (-42,34) (-42,35) (-41,34) (-41,35) }
(116,-21)  -> {(-43,34) (-43,35) (-42,34) (-42,35) (-41,34) (-41,35) (-40,34) (-40,35) }
(117,-22)  -> {(-47,35) (-46,35) (-45,35) (-44,35) (-43,35) }
(117,-21)  -> {(-46,35) (-45,35) (-44,35) (-43,35) (-42,35) }
(118,-21)  -> {(-48,35) (-47,35) (-46,35) (-45,35) }
(119,-21)  -> {(-51,35) (-50,35) (-49,35) (-51,36) (-50,36) (-49,36) (-48,35) (-47,35) (-48,36) (-47,36) }
(116,-20)  -> {(-42,34) (-42,35) (-41,34) (-41,35) (-40,34) (-40,35) (-39,34) (-39,35) }
(117,-20)  -> {(-45,35) (-44,35) (-43,35) (-42,35) (-41,35) }
(118,-20)  -> {(-47,35) (-46,35) (-45,35) (-44,35) }
(119,-20)  -> {(-50,35) (-49,35) (-50,36) (-49,36) (-48,35) (-47,35) (-46,35) (-48,36) (-47,36) (-46,36) }
(120,-21)  -> {(-54,35) (-53,35) (-54,36) (-53,36) (-52,35) (-51,35) (-50,35) (-52,36) (-51,36) (-50,36) }
(121,-21)  -> {(-56,36) (-55,36) (-54,36) (-53,36) }
(122,-21)  -> {(-59,36) (-58,36) (-57,36) (-56,36) (-55,36) }
(120,-20)  -> {(-53,35) (-53,36) (-52,35) (-51,35) (-50,35) (-49,35) (-52,36) (-51,36) (-50,36) (-49,36) }
(120,-19)  -> {(-52,35) (-51,35) (-50,35) (-49,35) (-52,36) (-51,36) (-50,36) (-49,36) (-48,35) (-48,36) }
(121,-20)  -> {(-55,36) (-54,36) (-53,36) (-52,36) }
(121,-19)  -> {(-54,36) (-53,36) (-52,36) (-51,36) }
(122,-20)  -> {(-58,36) (-57,36) (-56,36) (-55,36) (-54,36) }
(122,-19)  -> {(-57,36) (-56,36) (-55,36) (-54,36) (-53,36) }
(123,-20)  -> {(-61,36) (-61,37) (-60,36) (-60,37) (-59,36) (-59,37) (-58,36) (-58,37) (-57,36) (-57,37) }
(123,-19)  -> {(-60,36) (-60,37) (-59,36) (-59,37) (-58,36) (-58,37) (-57,36) (-57,37) (-56,36) (-56,37) }
(123,-18)  -> {(-59,36) (-59,37) (-58,36) (-58,37) (-57,36) (-57,37) (-56,36) (-56,37) (-55,36) (-55,37) }
(124,-20)  -> {(-63,37) (-62,37) (-61,37) (-60,37) }
(124,-19)  -> {(-62,37) (-61,37) (-60,37) (-59,37) }
(125,-20)  -> {(-66,37) (-65,37) (-64,37) (-63,37) (-62,37) }
(125,-19)  -> {(-65,37) (-64,37) (-63,37) (-62,37) (-61,37) }
(124,-18)  -> {(-61,37) (-60,37) (-59,37) (-58,37) }
(125,-18)  -> {(-64,37) (-63,37) (-62,37) (-61,37) (-60,37) }
(126,-20)  -> {(-69,37) (-69,38) (-68,37) (-67,37) (-68,38) (-67,38) (-66,37) (-65,37) (-66,38) (-65,38) }
(126,-19)  -> {(-68,37) (-67,37) (-68,38) (-67,38) (-66,37) (-65,37) (-66,38) (-65,38) (-64,37) (-64,38) }
(127,-19)  -> {(-71,38) (-70,38) (-69,38) (-68,38) (-67,38) }
(126,-18)  -> {(-67,37) (-67,38) (-66,37) (-65,37) (-66,38) (-65,38) (-64,37) (-63,37) (-64,38) (-63,38) }
(127,-18)  -> {(-70,38) (-69,38) (-68,38) (-67,38) (-66,38) }
(128,-19)  -> {(-74,38) (-73,38) (-72,38) (-71,38) (-70,38) }
(129,-19)  -> {(-76,38) (-76,39) (-75,38) (-75,39) (-74,38) (-74,39) (-73,38) (-73,39) }
(128,-18)  -> {(-73,38) (-72,38) (-71,38) (-70,38) (-69,38) }
(128,-17)  -> {(-72,38) (-71,38) (-70,38) (-69,38) (-68,38) }
(129,-18)  -> {(-75,38) (-75,39) (-74,38) (-74,39) (-73,38) (-73,39) (-72,38) (-72,39) }
(129,-17)  -> {(-74,38) (-74,39) (-73,38) (-73,39) (-72,38) (-72,39) (-71,38) (-71,39) }
(130,-18)  -> {(-78,38) (-78,39) (-77,38) (-77,39) (-76,38) (-76,39) (-75,38) (-75,39) (-74,38) (-74,39) }
(130,-17)  -> {(-77,38) (-77,39) (-76,38) (-76,39) (-75,38) (-75,39) (-74,38) (-74,39) (-73,38) (-73,39) }
(131,-18)  -> {(-81,39) (-80,39) (-79,39) (-78,39) (-77,39) }
(131,-17)  -> {(-80,39) (-79,39) (-78,39) (-77,39) (-76,39) }
(132,-18)  -> {(-84,39) (-83,39) (-82,39) (-81,39) (-80,39) }
(132,-17)  -> {(-83,39) (-82,39) (-81,39) (-80,39) (-79,39) }
(133,-18)  -> {(-87,39) (-86,39) (-85,39) (-84,39) (-83,39) (-87,40) (-86,40) (-85,40) (-84,40) (-83,40) }
(133,-17)  -> {(-86,39) (-85,39) (-84,39) (-83,39) (-82,39) (-86,40) (-85,40) (-84,40) (-83,40) (-82,40) }
(134,-18)  -> {(-90,40) (-89,40) (-88,40) (-87,40) (-86,40) }
(134,-17)  -> {(-89,40) (-88,40) (-87,40) (-86,40) (-85,40) }
(135,-17)  -> {(-92,40) (-91,40) (-90,40) (-89,40) (-88,40) }
(136,-17)  -> {(-95,40) (-95,41) (-94,40) (-94,41) (-93,40) (-93,41) (-92,40) (-92,41) (-91,40) (-91,41) }
(137,-17)  -> {(-98,41) (-97,41) (-96,41) (-95,41) (-94,41) }
(138,-17)  -> {(-101,41) (-100,41) (-99,41) (-98,41) (-97,41) }
(132,-16)  -> {(-82,39) (-81,39) (-80,39) (-79,39) (-78,39) }
(133,-16)  -> {(-85,39) (-84,39) (-83,39) (-82,39) (-81,39) (-85,40) (-84,40) (-83,40) (-82,40) (-81,40) }
(134,-16)  -> {(-88,40) (-87,40) (-86,40) (-85,40) (-84,40) }
(134,-15)  -> {(-87,40) (-86,40) (-85,40) (-84,40) (-83,40) }
(135,-16)  -> {(-91,40) (-90,40) (-89,40) (-88,40) (-87,40) }
(135,-15)  -> {(-90,40) (-89,40) (-88,40) (-87,40) (-86,40) }
(136,-16)  -> {(-94,40) (-94,41) (-93,40) (-93,41) (-92,40) (-92,41) (-91,40) (-91,41) (-90,40) (-90,41) }
(136,-15)  -> {(-93,40) (-93,41) (-92,40) (-92,41) (-91,40) (-91,41) (-90,40) (-90,41) (-89,40) (-89,41) }
(137,-16)  -> {(-97,41) (-96,41) (-95,41) (-94,41) (-93,41) }
(137,-15)  -> {(-96,41) (-95,41) (-94,41) (-93,41) (-92,41) }
(138,-16)  -> {(-100,41) (-99,41) (-98,41) (-97,41) (-96,41) }
(138,-15)  -> {(-99,41) (-98,41) (-97,41) (-96,41) (-95,41) }
(139,-16)  -> {(-103,41) (-103,42) (-102,41) (-101,41) (-102,42) (-101,42) (-100,41) (-99,41) (-100,42) (-99,42) }
(139,-15)  -> {(-102,41) (-101,41) (-102,42) (-101,42) (-100,41) (-99,41) (-100,42) (-99,42) (-98,41) (-98,42) }
(138,-14)  -> {(-98,41) (-97,41) (-96,41) (-95,41) (-94,41) }
(139,-14)  -> {(-101,41) (-101,42) (-100,41) (-99,41) (-100,42) (-99,42) (-98,41) (-97,41) (-98,42) (-97,42) }
(140,-16)  -> {(-106,41) (-105,41) (-106,42) (-105,42) (-104,41) (-103,41) (-104,42) (-103,42) (-102,41) (-102,42) }
(140,-15)  -> {(-105,41) (-105,42) (-104,41) (-103,41) (-104,42) (-103,42) (-102,41) (-101,41) (-102,42) (-101,42) }
(141,-16)  -> {(-109,42) (-108,42) (-107,42) (-106,42) (-105,42) }
(141,-15)  -> {(-108,42) (-107,42) (-106,42) (-105,42) (-104,42) }
(140,-14)  -> {(-104,41) (-103,41) (-104,42) (-103,42) (-102,41) (-101,41) (-102,42) (-101,42) (-100,41) (-100,42) }
(140,-13)  -> {(-103,41) (-103,42) (-102,41) (-101,41) (-102,42) (-101,42) (-100,41) (-99,41) (-100,42) (-99,42) }
(141,-14)  -> {(-107,42) (-106,42) (-105,42) (-104,42) (-103,42) }
(141,-13)  -> {(-106,42) (-105,42) (-104,42) (-103,42) (-102,42) }
(142,-15)  -> {(-111,42) (-110,42) (-109,42) (-108,42) (-107,42) }
(143,-15)  -> {(-114,42) (-114,43) (-113,42) (-113,43) (-112,42) (-112,43) (-111,42) (-111,43) (-110,42) (-110,43) }
(142,-14)  -> {(-110,42) (-109,42) (-108,42) (-107,42) (-106,42) }
(142,-13)  -> {(-109,42) (-108,42) (-107,42) (-106,42) (-105,42) }
(143,-14)  -> {(-113,42) (-113,43) (-112,42) (-112,43) (-111,42) (-111,43) (-110,42) (-110,43) (-109,42) (-109,43) }
(143,-13)  -> {(-112,42) (-112,43) (-111,42) (-111,43) (-110,42) (-110,43) (-109,42) (-109,43) (-108,42) (-108,43) }
(143,-12)  -> {(-111,42) (-111,43) (-110,42) (-110,43) (-109,42) (-109,43) (-108,42) (-108,43) (-107,42) (-107,43) }
(144,-15)  -> {(-117,43) (-116,43) (-115,43) (-114,43) (-113,43) }
(144,-14)  -> {(-116,43) (-115,43) (-114,43) (-113,43) (-112,43) }
(144,-13)  -> {(-115,43) (-114,43) (-113,43) (-112,43) (-111,43) }
(145,-14)  -> {(-120,43) (-119,43) (-118,43) (-117,43) (-116,43) (-115,43) }
(145,-13)  -> {(-119,43) (-118,43) (-117,43) (-116,43) (-115,43) (-114,43) }
(146,-14)  -> {(-123,43) (-122,43) (-121,43) (-123,44) (-122,44) (-121,44) (-120,43) (-119,43) (-120,44) (-119,44) }
(146,-13)  -> {(-122,43) (-121,43) (-122,44) (-121,44) (-120,43) (-119,43) (-118,43) (-120,44) (-119,44) (-118,44) }
(144,-12)  -> {(-114,43) (-113,43) (-112,43) (-111,43) (-110,43) }
(145,-12)  -> {(-118,43) (-117,43) (-116,43) (-115,43) (-114,43) (-113,43) }
(146,-12)  -> {(-121,43) (-121,44) (-120,43) (-119,43) (-118,43) (-117,43) (-120,44) (-119,44) (-118,44) (-117,44) }
(162,-5)  -> {(-168,48) (-167,48) (-166,48) (-165,48) (-164,48) }
(163,-5)  -> {(-172,48) (-172,49) (-171,48) (-171,49) (-170,48) (-170,49) (-169,48) (-169,49) (-168,48) (-168,49) (-167,48) (-167,49) }
(162,-4)  -> {(-167,48) (-166,48) (-165,48) (-164,48) (-163,48) }
(162,-3)  -> {(-166,48) (-165,48) (-164,48) (-163,48) (-162,48) }
(163,-4)  -> {(-171,48) (-171,49) (-170,48) (-170,49) (-169,48) (-169,49) (-168,48) (-168,49) (-167,48) (-167,49) (-166,48) (-166,49) }
(163,-3)  -> {(-170,48) (-170,49) (-169,48) (-169,49) (-168,48) (-168,49) (-167,48) (-167,49) (-166,48) (-166,49) (-165,48) (-165,49) }
(163,-1)  -> {(-168,48) (-168,49) (-167,48) (-167,49) (-166,48) (-166,49) (-165,48) (-165,49) (-164,48) (-164,49) (-163,48) (-163,49) }
(164,-4)  -> {(-174,49) (-173,49) (-172,49) (-171,49) (-170,49) }
(164,-3)  -> {(-173,49) (-172,49) (-171,49) (-170,49) (-169,49) }
(164,-1)  -> {(-171,49) (-170,49) (-169,49) (-168,49) (-167,49) }
(15,26)  -> {(151,4) (152,4) }
(15,27)  -> {(152,4) (153,4) }
(16,26)  -> {(150,4) (150,5) (151,4) (151,5) (152,4) (152,5) }
(16,27)  -> {(151,4) (151,5) (152,4) (152,5) (153,4) (153,5) }
(17,26)  -> {(150,5) (151,5) }
(17,27)  -> {(151,5) (152,5) }
(18,25)  -> {(149,5) (150,5) }
(19,25)  -> {(148,5) (149,5) (148,6) (149,6) (150,5) (150,6) }
(18,26)  -> {(150,5) (151,5) }
(19,26)  -> {(149,5) (149,6) (150,5) (151,5) (150,6) (151,6) }
(20,25)  -> {(148,5) (149,5) (148,6) (149,6) }
(21,25)  -> {(147,6) (148,6) (149,6) }
(20,26)  -> {(149,5) (149,6) (150,5) (150,6) }
(21,26)  -> {(148,6) (149,6) (150,6) }
(22,24)  -> {(146,6) (147,6) }
(22,25)  -> {(147,6) (148,6) }
(23,24)  -> {(145,6) (145,7) (146,6) (146,7) (147,6) (147,7) }
(23,25)  -> {(146,6) (146,7) (147,6) (147,7) (148,6) (148,7) }
(22,26)  -> {(148,6) (149,6) }
(28,23)  -> {(141,8) (142,8) (143,8) }
(29,23)  -> {(141,8) (141,9) (142,8) (142,9) }
(30,23)  -> {(140,8) (140,9) (141,8) (141,9) (142,8) (142,9) }
(31,23)  -> {(139,9) (140,9) (141,9) }
(24,24)  -> {(145,7) (146,7) }
(24,25)  -> {(146,7) (147,7) }
(25,24)  -> {(144,7) (145,7) (146,7) }
(25,25)  -> {(145,7) (146,7) (147,7) }
(26,24)  -> {(144,7) (145,7) (144,8) (145,8) }
(26,25)  -> {(145,7) (146,7) (145,8) (146,8) }
(27,24)  -> {(143,8) (144,8) (145,8) }
(24,31)  -> {(152,7) (153,7) }
(25,31)  -> {(151,7) (152,7) (153,7) }
(26,30)  -> {(150,7) (151,7) (150,8) (151,8) }
(26,31)  -> {(151,7) (151,8) (152,7) (152,8) }
(27,30)  -> {(149,8) (150,8) (151,8) }
(27,31)  -> {(150,8) (151,8) (152,8) }
(28,24)  -> {(142,8) (143,8) (144,8) }
(29,24)  -> {(142,8) (142,9) (143,8) (143,9) }
(30,24)  -> {(141,8) (141,9) (142,8) (142,9) (143,8) (143,9) }
(31,24)  -> {(140,9) (141,9) (142,9) }
(28,30)  -> {(148,8) (149,8) (150,8) }
(28,31)  -> {(149,8) (150,8) (151,8) }
(29,30)  -> {(148,8) (148,9) (149,8) (149,9) }
(29,31)  -> {(149,8) (149,9) (150,8) (150,9) }
(30,30)  -> {(147,8) (147,9) (148,8) (148,9) (149,8) (149,9) }
(30,31)  -> {(148,8) (148,9) (149,8) (149,9) (150,8) (150,9) }
(31,30)  -> {(146,9) (147,9) (148,9) }
(31,31)  -> {(147,9) (148,9) (149,9) }
(0,34)  -> {(161,-1) (162,-1) (163,-1) (161,0) (162,0) (163,0) }
(24,32)  -> {(153,7) (154,7) }
(25,32)  -> {(152,7) (153,7) (154,7) }
(26,32)  -> {(152,7) (153,7) (152,8) (153,8) }
(32,23)  -> {(139,9) (140,9) }
(32,24)  -> {(140,9) (141,9) }
(32,30)  -> {(146,9) (147,9) }
(32,31)  -> {(147,9) (148,9) }
(33,30)  -> {(145,9) (145,10) (146,9) (147,9) (146,10) (147,10) }
(34,29)  -> {(143,10) (144,10) (145,10) }
(35,29)  -> {(142,10) (143,10) (144,10) }
(34,30)  -> {(144,10) (145,10) (146,10) }
(35,30)  -> {(143,10) (144,10) (145,10) }
(36,29)  -> {(142,10) (142,11) (143,10) (143,11) }
(37,29)  -> {(141,11) (142,11) (143,11) }
(36,30)  -> {(143,10) (143,11) (144,10) (144,11) }
(37,30)  -> {(142,11) (143,11) (144,11) }
(38,29)  -> {(140,11) (141,11) (142,11) }
(39,29)  -> {(139,11) (139,12) (140,11) (141,11) (140,12) (141,12) }
(38,30)  -> {(141,11) (142,11) (143,11) }
(39,30)  -> {(140,11) (141,11) (142,11) (140,12) (141,12) (142,12) }
(40,29)  -> {(138,11) (139,11) (138,12) (139,12) (140,11) (140,12) }
(41,29)  -> {(137,12) (138,12) (139,12) }
(40,30)  -> {(139,11) (139,12) (140,11) (141,11) (140,12) (141,12) }
(41,30)  -> {(138,12) (139,12) (140,12) }
(42,29)  -> {(136,12) (137,12) (138,12) }
(43,29)  -> {(135,12) (135,13) (136,12) (136,13) (137,12) (137,13) }
(42,30)  -> {(137,12) (138,12) (139,12) }
(44,28)  -> {(133,13) (134,13) (135,13) }
(44,29)  -> {(134,13) (135,13) (136,13) }
(45,28)  -> {(132,13) (133,13) (134,13) }
(45,29)  -> {(133,13) (134,13) (135,13) }
(46,28)  -> {(131,13) (131,14) (132,13) (133,13) (132,14) (133,14) }
(46,29)  -> {(132,13) (133,13) (132,14) (133,14) (134,13) (134,14) }
(47,28)  -> {(130,14) (131,14) (132,14) }
(47,29)  -> {(131,14) (132,14) (133,14) }
(48,19)  -> {(120,14) (121,14) (122,14) }
(49,19)  -> {(119,14) (119,15) (120,14) (120,15) (121,14) (121,15) }
(50,19)  -> {(118,14) (118,15) (119,14) (119,15) (120,14) (120,15) }
(51,19)  -> {(117,15) (118,15) (119,15) }
(48,20)  -> {(121,14) (122,14) (123,14) }
(49,20)  -> {(120,14) (120,15) (121,14) (121,15) (122,14) (122,15) }
(50,20)  -> {(119,14) (119,15) (120,14) (120,15) (121,14) (121,15) }
(51,20)  -> {(118,15) (119,15) (120,15) }
(52,18)  -> {(115,15) (116,15) (117,15) }
(52,19)  -> {(116,15) (117,15) (118,15) }
(53,18)  -> {(114,15) (115,15) (116,15) (114,16) (115,16) (116,16) }
(53,19)  -> {(115,15) (116,15) (117,15) (115,16) (116,16) (117,16) }
(54,18)  -> {(112,16) (113,16) (114,16) (115,16) }
(54,19)  -> {(113,16) (114,16) (115,16) (116,16) }
(52,20)  -> {(117,15) (118,15) (119,15) }
(50,27)  -> {(126,14) (126,15) (127,14) (127,15) (128,14) (128,15) }
(51,27)  -> {(125,15) (126,15) (127,15) }
(48,28)  -> {(129,14) (130,14) (131,14) }
(48,29)  -> {(130,14) (131,14) (132,14) }
(49,28)  -> {(128,14) (128,15) (129,14) (129,15) (130,14) (130,15) }
(49,29)  -> {(129,14) (129,15) (130,14) (130,15) (131,14) (131,15) }
(50,28)  -> {(127,14) (127,15) (128,14) (128,15) (129,14) (129,15) }
(51,28)  -> {(126,15) (127,15) (128,15) }
(54,27)  -> {(121,16) (122,16) (123,16) (124,16) }
(55,27)  -> {(120,16) (121,16) (122,16) }
(54,28)  -> {(122,16) (123,16) (124,16) (125,16) }
(55,28)  -> {(121,16) (122,16) (123,16) }
(58,17)  -> {(106,17) (107,17) (108,17) (109,17) }
(59,17)  -> {(105,17) (105,18) (106,17) (107,17) (106,18) (107,18) }
(58,18)  -> {(107,17) (108,17) (109,17) (110,17) }
(59,18)  -> {(106,17) (107,17) (106,18) (107,18) (108,17) (108,18) }
(60,16)  -> {(103,17) (103,18) (104,17) (105,17) (104,18) (105,18) }
(60,17)  -> {(104,17) (105,17) (104,18) (105,18) (106,17) (106,18) }
(61,16)  -> {(101,18) (102,18) (103,18) (104,18) }
(61,17)  -> {(102,18) (103,18) (104,18) (105,18) }
(60,18)  -> {(105,17) (105,18) (106,17) (107,17) (106,18) (107,18) }
(62,16)  -> {(100,18) (101,18) (102,18) }
(62,17)  -> {(101,18) (102,18) (103,18) }
(63,16)  -> {(99,18) (99,19) (100,18) (100,19) (101,18) (101,19) }
(63,17)  -> {(100,18) (100,19) (101,18) (101,19) (102,18) (102,19) }
(56,27)  -> {(119,16) (119,17) (120,16) (120,17) (121,16) (121,17) }
(57,26)  -> {(117,17) (118,17) (119,17) }
(57,27)  -> {(118,17) (119,17) (120,17) }
(58,25)  -> {(114,17) (115,17) (116,17) (117,17) }
(59,25)  -> {(113,17) (113,18) (114,17) (115,17) (114,18) (115,18) }
(58,26)  -> {(115,17) (116,17) (117,17) (118,17) }
(58,27)  -> {(116,17) (117,17) (118,17) (119,17) }
(59,26)  -> {(114,17) (115,17) (114,18) (115,18) (116,17) (116,18) }
(59,27)  -> {(115,17) (115,18) (116,17) (117,17) (116,18) (117,18) }
(56,28)  -> {(120,16) (120,17) (121,16) (121,17) (122,16) (122,17) }
(60,25)  -> {(112,17) (113,17) (112,18) (113,18) (114,17) (114,18) }
(60,26)  -> {(113,17) (113,18) (114,17) (115,17) (114,18) (115,18) }
(60,27)  -> {(114,17) (115,17) (114,18) (115,18) (116,17) (116,18) }
(61,26)  -> {(111,18) (112,18) (113,18) (114,18) }
(61,27)  -> {(112,18) (113,18) (114,18) (115,18) }
(63,24)  -> {(107,18) (107,19) (108,18) (108,19) (109,18) (109,19) }
(63,25)  -> {(108,18) (108,19) (109,18) (109,19) (110,18) (110,19) }
(64,15)  -> {(96,19) (97,19) (98,19) (99,19) }
(65,15)  -> {(95,19) (96,19) (97,19) }
(66,14)  -> {(92,19) (93,19) (94,19) (95,19) (92,20) (93,20) (94,20) (95,20) }
(66,15)  -> {(93,19) (94,19) (95,19) (93,20) (94,20) (95,20) (96,19) (96,20) }
(67,14)  -> {(91,20) (92,20) (93,20) }
(67,15)  -> {(92,20) (93,20) (94,20) }
(68,14)  -> {(89,20) (90,20) (91,20) (92,20) }
(68,15)  -> {(90,20) (91,20) (92,20) (93,20) }
(69,14)  -> {(88,20) (88,21) (89,20) (89,21) (90,20) (90,21) }
(69,15)  -> {(89,20) (89,21) (90,20) (90,21) (91,20) (91,21) }
(70,13)  -> {(85,20) (85,21) (86,20) (86,21) (87,20) (87,21) (88,20) (88,21) }
(71,13)  -> {(84,21) (85,21) (86,21) }
(70,14)  -> {(86,20) (86,21) (87,20) (87,21) (88,20) (88,21) (89,20) (89,21) }
(70,15)  -> {(87,20) (87,21) (88,20) (88,21) (89,20) (89,21) (90,20) (90,21) }
(71,14)  -> {(85,21) (86,21) (87,21) }
(75,11)  -> {(75,22) (76,22) (77,22) (78,22) }
(72,12)  -> {(81,21) (82,21) (83,21) (84,21) }
(72,13)  -> {(82,21) (83,21) (84,21) (85,21) }
(73,12)  -> {(80,21) (81,21) (80,22) (81,22) (82,21) (82,22) }
(73,13)  -> {(81,21) (81,22) (82,21) (83,21) (82,22) (83,22) }
(72,14)  -> {(83,21) (84,21) (85,21) (86,21) }
(73,14)  -> {(82,21) (83,21) (82,22) (83,22) (84,21) (84,22) }
(74,12)  -> {(78,22) (79,22) (80,22) (81,22) }
(74,13)  -> {(79,22) (80,22) (81,22) (82,22) }
(75,12)  -> {(76,22) (77,22) (78,22) (79,22) }
(75,13)  -> {(77,22) (78,22) (79,22) (80,22) }
(76,11)  -> {(74,22) (74,23) (75,22) (75,23) (76,22) (76,23) }
(77,11)  -> {(72,23) (73,23) (74,23) (75,23) }
(78,11)  -> {(70,23) (71,23) (72,23) (73,23) }
(79,10)  -> {(67,23) (68,23) (69,23) (70,23) (67,24) (68,24) (69,24) (70,24) }
(79,11)  -> {(68,23) (69,23) (70,23) (71,23) (68,24) (69,24) (70,24) (71,24) }
(76,12)  -> {(75,22) (75,23) (76,22) (76,23) (77,22) (77,23) }
(77,12)  -> {(73,23) (74,23) (75,23) (76,23) }
(78,12)  -> {(71,23) (72,23) (73,23) (74,23) }
(79,12)  -> {(69,23) (70,23) (71,23) (69,24) (70,24) (71,24) (72,23) (72,24) }
(64,16)  -> {(97,19) (98,19) (99,19) (100,19) }
(65,16)  -> {(96,19) (97,19) (98,19) }
(66,16)  -> {(94,19) (95,19) (94,20) (95,20) (96,19) (97,19) (96,20) (97,20) }
(67,16)  -> {(93,20) (94,20) (95,20) }
(65,23)  -> {(103,19) (104,19) (105,19) }
(66,23)  -> {(101,19) (102,19) (103,19) (101,20) (102,20) (103,20) (104,19) (104,20) }
(67,23)  -> {(100,20) (101,20) (102,20) }
(68,23)  -> {(98,20) (99,20) (100,20) (101,20) }
(69,23)  -> {(97,20) (97,21) (98,20) (98,21) (99,20) (99,21) }
(70,23)  -> {(95,20) (95,21) (96,20) (96,21) (97,20) (97,21) (98,20) (98,21) }
(71,23)  -> {(94,21) (95,21) (96,21) }
(64,24)  -> {(105,19) (106,19) (107,19) (108,19) }
(65,24)  -> {(104,19) (105,19) (106,19) }
(65,25)  -> {(105,19) (106,19) (107,19) }
(64,26)  -> {(107,19) (108,19) (109,19) (110,19) }
(64,27)  -> {(108,19) (109,19) (110,19) (111,19) }
(65,26)  -> {(106,19) (107,19) (108,19) }
(65,27)  -> {(107,19) (108,19) (109,19) }
(66,24)  -> {(102,19) (103,19) (102,20) (103,20) (104,19) (105,19) (104,20) (105,20) }
(66,25)  -> {(103,19) (103,20) (104,19) (105,19) (106,19) (104,20) (105,20) (106,20) }
(67,24)  -> {(101,20) (102,20) (103,20) }
(67,25)  -> {(102,20) (103,20) (104,20) }
(66,26)  -> {(104,19) (105,19) (106,19) (107,19) (104,20) (105,20) (106,20) (107,20) }
(67,26)  -> {(103,20) (104,20) (105,20) }
(68,24)  -> {(99,20) (100,20) (101,20) (102,20) }
(68,25)  -> {(100,20) (101,20) (102,20) (103,20) }
(69,24)  -> {(98,20) (98,21) (99,20) (99,21) (100,20) (100,21) }
(69,25)  -> {(99,20) (99,21) (100,20) (100,21) (101,20) (101,21) }
(68,26)  -> {(101,20) (102,20) (103,20) (104,20) }
(69,26)  -> {(100,20) (100,21) (101,20) (101,21) (102,20) (102,21) }
(70,24)  -> {(96,20) (96,21) (97,20) (97,21) (98,20) (98,21) (99,20) (99,21) }
(70,25)  -> {(97,20) (97,21) (98,20) (98,21) (99,20) (99,21) (100,20) (100,21) }
(71,24)  -> {(95,21) (96,21) (97,21) }
(71,25)  -> {(96,21) (97,21) (98,21) }
(70,26)  -> {(98,20) (98,21) (99,20) (99,21) (100,20) (100,21) (101,20) (101,21) }
(71,26)  -> {(97,21) (98,21) (99,21) }
(72,23)  -> {(92,21) (93,21) (94,21) (95,21) }
(73,23)  -> {(91,21) (91,22) (92,21) (93,21) (92,22) (93,22) }
(74,22)  -> {(88,22) (89,22) (90,22) (91,22) }
(74,23)  -> {(89,22) (90,22) (91,22) (92,22) }
(75,22)  -> {(86,22) (87,22) (88,22) (89,22) }
(75,23)  -> {(87,22) (88,22) (89,22) (90,22) }
(76,22)  -> {(85,22) (85,23) (86,22) (86,23) (87,22) (87,23) }
(76,23)  -> {(86,22) (86,23) (87,22) (87,23) (88,22) (88,23) }
(77,22)  -> {(83,23) (84,23) (85,23) (86,23) }
(77,23)  -> {(84,23) (85,23) (86,23) (87,23) }
(78,22)  -> {(81,23) (82,23) (83,23) (84,23) }
(78,23)  -> {(82,23) (83,23) (84,23) (85,23) }
(79,22)  -> {(79,23) (79,24) (80,23) (81,23) (82,23) (80,24) (81,24) (82,24) }
(79,23)  -> {(80,23) (81,23) (82,23) (83,23) (80,24) (81,24) (82,24) (83,24) }
(72,24)  -> {(93,21) (94,21) (95,21) (96,21) }
(72,25)  -> {(94,21) (95,21) (96,21) (97,21) }
(73,24)  -> {(92,21) (93,21) (92,22) (93,22) (94,21) (94,22) }
(73,25)  -> {(93,21) (93,22) (94,21) (95,21) (94,22) (95,22) }
(74,24)  -> {(90,22) (91,22) (92,22) (93,22) }
(74,25)  -> {(91,22) (92,22) (93,22) (94,22) }
(75,24)  -> {(88,22) (89,22) (90,22) (91,22) }
(75,25)  -> {(89,22) (90,22) (91,22) (92,22) }
(76,24)  -> {(87,22) (87,23) (88,22) (88,23) (89,22) (89,23) }
(76,25)  -> {(88,22) (88,23) (89,22) (89,23) (90,22) (90,23) }
(77,24)  -> {(85,23) (86,23) (87,23) (88,23) }
(77,25)  -> {(86,23) (87,23) (88,23) (89,23) }
(78,24)  -> {(83,23) (84,23) (85,23) (86,23) }
(79,24)  -> {(81,23) (82,23) (83,23) (84,23) (81,24) (82,24) (83,24) (84,24) }
(80,9)  -> {(65,23) (66,23) (67,23) (68,23) (65,24) (66,24) (67,24) (68,24) }
(81,9)  -> {(63,24) (64,24) (65,24) (66,24) }
(80,10)  -> {(66,23) (67,23) (68,23) (69,23) (66,24) (67,24) (68,24) (69,24) }
(80,11)  -> {(67,23) (68,23) (69,23) (70,23) (67,24) (68,24) (69,24) (70,24) }
(81,10)  -> {(64,24) (65,24) (66,24) (67,24) }
(81,11)  -> {(65,24) (66,24) (67,24) (68,24) }
(82,8)  -> {(60,24) (61,24) (62,24) (63,24) }
(82,9)  -> {(61,24) (62,24) (63,24) (64,24) }
(83,8)  -> {(58,24) (58,25) (59,24) (59,25) (60,24) (60,25) (61,24) (61,25) }
(83,9)  -> {(59,24) (59,25) (60,24) (60,25) (61,24) (61,25) (62,24) (62,25) }
(82,10)  -> {(62,24) (63,24) (64,24) (65,24) }
(83,10)  -> {(60,24) (60,25) (61,24) (61,25) (62,24) (62,25) (63,24) (63,25) }
(80,21)  -> {(77,23) (78,23) (79,23) (77,24) (78,24) (79,24) (80,23) (80,24) }
(81,21)  -> {(75,24) (76,24) (77,24) (78,24) }
(80,22)  -> {(78,23) (79,23) (78,24) (79,24) (80,23) (81,23) (80,24) (81,24) }
(80,23)  -> {(79,23) (79,24) (80,23) (81,23) (82,23) (80,24) (81,24) (82,24) }
(81,22)  -> {(76,24) (77,24) (78,24) (79,24) }
(81,23)  -> {(77,24) (78,24) (79,24) (80,24) }
(82,21)  -> {(73,24) (74,24) (75,24) (76,24) }
(83,21)  -> {(71,24) (71,25) (72,24) (72,25) (73,24) (73,25) (74,24) (74,25) }
(82,22)  -> {(74,24) (75,24) (76,24) (77,24) }
(82,23)  -> {(75,24) (76,24) (77,24) (78,24) }
(83,22)  -> {(72,24) (72,25) (73,24) (73,25) (74,24) (74,25) (75,24) (75,25) }
(83,23)  -> {(73,24) (73,25) (74,24) (74,25) (75,24) (75,25) (76,24) (76,25) }
(84,21)  -> {(69,25) (70,25) (71,25) (72,25) }
(85,20)  -> {(67,25) (68,25) (69,25) }
(85,21)  -> {(68,25) (69,25) (70,25) }
(84,22)  -> {(70,25) (71,25) (72,25) (73,25) }
(84,23)  -> {(71,25) (72,25) (73,25) (74,25) }
(85,22)  -> {(69,25) (70,25) (71,25) }
(85,23)  -> {(70,25) (71,25) (72,25) }
(86,20)  -> {(65,25) (65,26) (66,25) (67,25) (66,26) (67,26) (68,25) (68,26) }
(86,21)  -> {(66,25) (67,25) (66,26) (67,26) (68,25) (69,25) (68,26) (69,26) }
(87,20)  -> {(63,26) (64,26) (65,26) (66,26) }
(87,21)  -> {(64,26) (65,26) (66,26) (67,26) }
(86,22)  -> {(67,25) (67,26) (68,25) (69,25) (68,26) (69,26) (70,25) (70,26) }
(86,23)  -> {(68,25) (69,25) (68,26) (69,26) (70,25) (71,25) (70,26) (71,26) }
(87,22)  -> {(65,26) (66,26) (67,26) (68,26) }
(87,23)  -> {(66,26) (67,26) (68,26) (69,26) }
(80,24)  -> {(80,23) (81,23) (82,23) (83,23) (80,24) (81,24) (82,24) (83,24) }
(81,24)  -> {(78,24) (79,24) (80,24) (81,24) }
(82,24)  -> {(76,24) (77,24) (78,24) (79,24) }
(83,24)  -> {(74,24) (74,25) (75,24) (75,25) (76,24) (76,25) (77,24) (77,25) }
(84,24)  -> {(72,25) (73,25) (74,25) (75,25) }
(88,20)  -> {(61,26) (62,26) (63,26) (64,26) }
(88,21)  -> {(62,26) (63,26) (64,26) (65,26) }
(89,20)  -> {(59,26) (59,27) (60,26) (60,27) (61,26) (61,27) (62,26) (62,27) }
(89,21)  -> {(60,26) (60,27) (61,26) (61,27) (62,26) (62,27) (63,26) (63,27) }
(88,22)  -> {(63,26) (64,26) (65,26) (66,26) }
(88,23)  -> {(64,26) (65,26) (66,26) (67,26) }
(89,22)  -> {(61,26) (61,27) (62,26) (62,27) (63,26) (63,27) (64,26) (64,27) }
(89,23)  -> {(62,26) (62,27) (63,26) (63,27) (64,26) (64,27) (65,26) (65,27) }
(90,20)  -> {(57,26) (57,27) (58,26) (58,27) (59,26) (59,27) (60,26) (60,27) }
(90,21)  -> {(58,26) (58,27) (59,26) (59,27) (60,26) (60,27) (61,26) (61,27) }
(91,20)  -> {(55,27) (56,27) (57,27) (58,27) }
(91,21)  -> {(56,27) (57,27) (58,27) (59,27) }
(90,22)  -> {(59,26) (59,27) (60,26) (60,27) (61,26) (61,27) (62,26) (62,27) }
(90,23)  -> {(60,26) (60,27) (61,26) (61,27) (62,26) (62,27) (63,26) (63,27) }
(91,22)  -> {(57,27) (58,27) (59,27) (60,27) }
(92,19)  -> {(52,27) (53,27) (54,27) (55,27) }
(93,19)  -> {(50,27) (51,27) (50,28) (51,28) (52,27) (53,27) (52,28) (53,28) }
(94,19)  -> {(48,28) (49,28) (50,28) (51,28) }
(95,19)  -> {(46,28) (47,28) (48,28) (49,28) }
(92,20)  -> {(53,27) (54,27) (55,27) (56,27) }
(92,21)  -> {(54,27) (55,27) (56,27) (57,27) }
(93,20)  -> {(51,27) (51,28) (52,27) (53,27) (54,27) (52,28) (53,28) (54,28) }
(93,21)  -> {(52,27) (53,27) (54,27) (55,27) (52,28) (53,28) (54,28) (55,28) }
(92,22)  -> {(55,27) (56,27) (57,27) (58,27) }
(93,22)  -> {(53,27) (54,27) (55,27) (53,28) (54,28) (55,28) (56,27) (56,28) }
(94,20)  -> {(49,28) (50,28) (51,28) (52,28) }
(94,21)  -> {(50,28) (51,28) (52,28) (53,28) }
(95,20)  -> {(47,28) (48,28) (49,28) (50,28) }
(95,21)  -> {(48,28) (49,28) (50,28) (51,28) }
(94,22)  -> {(51,28) (52,28) (53,28) (54,28) }
(95,22)  -> {(49,28) (50,28) (51,28) (52,28) }
(96,19)  -> {(44,28) (44,29) (45,28) (45,29) (46,28) (46,29) (47,28) (47,29) }
(97,19)  -> {(41,29) (42,29) (43,29) (44,29) (45,29) }
(98,19)  -> {(39,29) (40,29) (41,29) (42,29) }
(99,18)  -> {(36,29) (37,29) (36,30) (37,30) (38,29) (39,29) (38,30) (39,30) }
(99,19)  -> {(37,29) (37,30) (38,29) (39,29) (38,30) (39,30) (40,29) (40,30) }
(96,20)  -> {(45,28) (45,29) (46,28) (46,29) (47,28) (47,29) (48,28) (48,29) }
(96,21)  -> {(46,28) (46,29) (47,28) (47,29) (48,28) (48,29) (49,28) (49,29) }
(97,20)  -> {(42,29) (43,29) (44,29) (45,29) (46,29) }
(97,21)  -> {(43,29) (44,29) (45,29) (46,29) (47,29) }
(98,20)  -> {(40,29) (41,29) (42,29) (43,29) }
(98,21)  -> {(41,29) (42,29) (43,29) (44,29) }
(99,20)  -> {(38,29) (39,29) (38,30) (39,30) (40,29) (41,29) (40,30) (41,30) }
(99,21)  -> {(39,29) (39,30) (40,29) (41,29) (40,30) (41,30) (42,29) (42,30) }
(100,18)  -> {(34,29) (35,29) (34,30) (35,30) (36,29) (37,29) (36,30) (37,30) }
(100,19)  -> {(35,29) (35,30) (36,29) (37,29) (36,30) (37,30) (38,29) (38,30) }
(101,18)  -> {(32,30) (33,30) (34,30) (35,30) }
(101,19)  -> {(33,30) (34,30) (35,30) (36,30) }
(103,17)  -> {(26,30) (26,31) (27,30) (27,31) (28,30) (28,31) (29,30) (29,31) }
(102,18)  -> {(29,30) (30,30) (31,30) (32,30) (33,30) }
(102,19)  -> {(30,30) (31,30) (32,30) (33,30) (34,30) }
(103,18)  -> {(27,30) (27,31) (28,30) (28,31) (29,30) (29,31) (30,30) (30,31) }
(103,19)  -> {(28,30) (28,31) (29,30) (29,31) (30,30) (30,31) (31,30) (31,31) }
(100,20)  -> {(36,29) (37,29) (36,30) (37,30) (38,29) (39,29) (38,30) (39,30) }
(100,21)  -> {(37,29) (37,30) (38,29) (39,29) (38,30) (39,30) (40,29) (40,30) }
(101,20)  -> {(34,30) (35,30) (36,30) (37,30) }
(101,21)  -> {(35,30) (36,30) (37,30) (38,30) }
(102,20)  -> {(31,30) (32,30) (33,30) (34,30) (35,30) }
(102,21)  -> {(32,30) (33,30) (34,30) (35,30) (36,30) }
(103,20)  -> {(29,30) (29,31) (30,30) (30,31) (31,30) (31,31) (32,30) (32,31) }
(104,17)  -> {(24,31) (25,31) (26,31) (27,31) }
(105,17)  -> {(22,31) (23,31) (24,31) (25,31) }
(104,18)  -> {(25,31) (26,31) (27,31) (28,31) }
(104,19)  -> {(26,31) (27,31) (28,31) (29,31) }
(105,18)  -> {(23,31) (24,31) (25,31) (26,31) }
(105,19)  -> {(24,31) (25,31) (26,31) (27,31) }
(106,17)  -> {(19,31) (20,31) (21,31) (22,31) (23,31) (19,32) (20,32) (21,32) (22,32) (23,32) }
(106,18)  -> {(20,31) (21,31) (22,31) (23,31) (24,31) (20,32) (21,32) (22,32) (23,32) (24,32) }
(106,19)  -> {(21,31) (22,31) (23,31) (24,31) (25,31) (21,32) (22,32) (23,32) (24,32) (25,32) }
(107,18)  -> {(18,32) (19,32) (20,32) (21,32) }
(107,19)  -> {(19,32) (20,32) (21,32) (22,32) }
(104,20)  -> {(27,31) (28,31) (29,31) (30,31) }
(105,20)  -> {(25,31) (26,31) (27,31) (28,31) }
(106,20)  -> {(22,31) (23,31) (24,31) (25,31) (26,31) (22,32) (23,32) (24,32) (25,32) (26,32) }
(107,20)  -> {(20,32) (21,32) (22,32) (23,32) }
(116,15)  -> {(-7,34) (-7,35) (-6,34) (-6,35) (-5,34) (-5,35) (-4,34) (-4,35) }
(117,15)  -> {(-10,35) (-9,35) (-8,35) (-7,35) (-6,35) }
(118,14)  -> {(-13,35) (-12,35) (-11,35) (-10,35) }
(118,15)  -> {(-12,35) (-11,35) (-10,35) (-9,35) }
(119,14)  -> {(-16,35) (-15,35) (-14,35) (-13,35) (-16,36) (-15,36) (-14,36) (-13,36) (-12,35) (-12,36) }
(119,15)  -> {(-15,35) (-14,35) (-13,35) (-15,36) (-14,36) (-13,36) (-12,35) (-11,35) (-12,36) (-11,36) }
(120,14)  -> {(-19,35) (-18,35) (-17,35) (-19,36) (-18,36) (-17,36) (-16,35) (-15,35) (-16,36) (-15,36) }
(120,15)  -> {(-18,35) (-17,35) (-18,36) (-17,36) (-16,35) (-15,35) (-14,35) (-16,36) (-15,36) (-14,36) }
(121,14)  -> {(-21,36) (-20,36) (-19,36) (-18,36) }
(121,15)  -> {(-20,36) (-19,36) (-18,36) (-17,36) }
(115,17)  -> {(-3,34) (-2,34) (-1,34) (0,34) (1,34) }
(115,18)  -> {(-2,34) (-1,34) (0,34) (1,34) (2,34) }
(116,16)  -> {(-6,34) (-6,35) (-5,34) (-5,35) (-4,34) (-4,35) (-3,34) (-3,35) }
(116,17)  -> {(-5,34) (-5,35) (-4,34) (-4,35) (-3,34) (-3,35) (-2,34) (-2,35) }
(117,16)  -> {(-9,35) (-8,35) (-7,35) (-6,35) (-5,35) }
(117,17)  -> {(-8,35) (-7,35) (-6,35) (-5,35) (-4,35) }
(116,18)  -> {(-4,34) (-4,35) (-3,34) (-3,35) (-2,34) (-2,35) (-1,34) (-1,35) }
(117,18)  -> {(-7,35) (-6,35) (-5,35) (-4,35) (-3,35) }
(118,17)  -> {(-10,35) (-9,35) (-8,35) (-7,35) }
(119,16)  -> {(-14,35) (-13,35) (-14,36) (-13,36) (-12,35) (-11,35) (-10,35) (-12,36) (-11,36) (-10,36) }
(119,17)  -> {(-13,35) (-13,36) (-12,35) (-11,35) (-10,35) (-9,35) (-12,36) (-11,36) (-10,36) (-9,36) }
(120,16)  -> {(-17,35) (-17,36) (-16,35) (-15,35) (-14,35) (-13,35) (-16,36) (-15,36) (-14,36) (-13,36) }
(120,17)  -> {(-16,35) (-15,35) (-14,35) (-13,35) (-16,36) (-15,36) (-14,36) (-13,36) (-12,35) (-12,36) }
(121,16)  -> {(-19,36) (-18,36) (-17,36) (-16,36) }
(121,17)  -> {(-18,36) (-17,36) (-16,36) (-15,36) }
(128,14)  -> {(-41,38) (-40,38) (-39,38) (-38,38) (-37,38) }
(128,15)  -> {(-40,38) (-39,38) (-38,38) (-37,38) (-36,38) }
(129,14)  -> {(-43,38) (-43,39) (-42,38) (-42,39) (-41,38) (-41,39) (-40,38) (-40,39) }
(129,15)  -> {(-42,38) (-42,39) (-41,38) (-41,39) (-40,38) (-40,39) (-39,38) (-39,39) }
(131,13)  -> {(-50,39) (-49,39) (-48,39) (-47,39) (-46,39) }
(130,14)  -> {(-46,38) (-46,39) (-45,38) (-45,39) (-44,38) (-44,39) (-43,38) (-43,39) (-42,38) (-42,39) }
(130,15)  -> {(-45,38) (-45,39) (-44,38) (-44,39) (-43,38) (-43,39) (-42,38) (-42,39) (-41,38) (-41,39) }
(131,14)  -> {(-49,39) (-48,39) (-47,39) (-46,39) (-45,39) }
(131,15)  -> {(-48,39) (-47,39) (-46,39) (-45,39) (-44,39) }
(132,13)  -> {(-53,39) (-52,39) (-51,39) (-50,39) (-49,39) }
(133,13)  -> {(-56,39) (-55,39) (-54,39) (-53,39) (-52,39) (-56,40) (-55,40) (-54,40) (-53,40) (-52,40) }
(132,14)  -> {(-52,39) (-51,39) (-50,39) (-49,39) (-48,39) }
(133,14)  -> {(-55,39) (-54,39) (-53,39) (-52,39) (-51,39) (-55,40) (-54,40) (-53,40) (-52,40) (-51,40) }
(134,13)  -> {(-59,40) (-58,40) (-57,40) (-56,40) (-55,40) }
(135,12)  -> {(-63,40) (-62,40) (-61,40) (-60,40) (-59,40) }
(135,13)  -> {(-62,40) (-61,40) (-60,40) (-59,40) (-58,40) }
(134,14)  -> {(-58,40) (-57,40) (-56,40) (-55,40) (-54,40) }
(138,11)  -> {(-73,41) (-72,41) (-71,41) (-70,41) (-69,41) }
(139,11)  -> {(-76,41) (-75,41) (-76,42) (-75,42) (-74,41) (-73,41) (-74,42) (-73,42) (-72,41) (-72,42) }
(136,12)  -> {(-66,40) (-66,41) (-65,40) (-65,41) (-64,40) (-64,41) (-63,40) (-63,41) (-62,40) (-62,41) }
(136,13)  -> {(-65,40) (-65,41) (-64,40) (-64,41) (-63,40) (-63,41) (-62,40) (-62,41) (-61,40) (-61,41) }
(137,12)  -> {(-69,41) (-68,41) (-67,41) (-66,41) (-65,41) }
(137,13)  -> {(-68,41) (-67,41) (-66,41) (-65,41) (-64,41) }
(138,12)  -> {(-72,41) (-71,41) (-70,41) (-69,41) (-68,41) }
(139,12)  -> {(-75,41) (-75,42) (-74,41) (-73,41) (-74,42) (-73,42) (-72,41) (-71,41) (-72,42) (-71,42) }
(141,8)  -> {(-85,42) (-84,42) (-83,42) (-82,42) (-81,42) }
(141,9)  -> {(-84,42) (-83,42) (-82,42) (-81,42) (-80,42) }
(140,11)  -> {(-79,41) (-79,42) (-78,41) (-77,41) (-78,42) (-77,42) (-76,41) (-75,41) (-76,42) (-75,42) }
(141,11)  -> {(-82,42) (-81,42) (-80,42) (-79,42) (-78,42) }
(142,8)  -> {(-88,42) (-87,42) (-86,42) (-85,42) (-84,42) }
(142,9)  -> {(-87,42) (-86,42) (-85,42) (-84,42) (-83,42) }
(143,8)  -> {(-91,42) (-91,43) (-90,42) (-90,43) (-89,42) (-89,43) (-88,42) (-88,43) (-87,42) (-87,43) }
(143,9)  -> {(-90,42) (-90,43) (-89,42) (-89,43) (-88,42) (-88,43) (-87,42) (-87,43) (-86,42) (-86,43) }
(142,10)  -> {(-86,42) (-85,42) (-84,42) (-83,42) (-82,42) }
(142,11)  -> {(-85,42) (-84,42) (-83,42) (-82,42) (-81,42) }
(143,10)  -> {(-89,42) (-89,43) (-88,42) (-88,43) (-87,42) (-87,43) (-86,42) (-86,43) (-85,42) (-85,43) }
(143,11)  -> {(-88,42) (-88,43) (-87,42) (-87,43) (-86,42) (-86,43) (-85,42) (-85,43) (-84,42) (-84,43) }
(140,12)  -> {(-78,41) (-77,41) (-78,42) (-77,42) (-76,41) (-75,41) (-76,42) (-75,42) (-74,41) (-74,42) }
(142,12)  -> {(-84,42) (-83,42) (-82,42) (-81,42) (-80,42) }
(144,7)  -> {(-95,43) (-94,43) (-93,43) (-92,43) (-91,43) }
(145,6)  -> {(-100,43) (-99,43) (-98,43) (-97,43) (-96,43) (-95,43) }
(145,7)  -> {(-99,43) (-98,43) (-97,43) (-96,43) (-95,43) (-94,43) }
(146,6)  -> {(-103,43) (-102,43) (-101,43) (-103,44) (-102,44) (-101,44) (-100,43) (-99,43) (-100,44) (-99,44) }
(146,7)  -> {(-102,43) (-101,43) (-102,44) (-101,44) (-100,43) (-99,43) (-98,43) (-100,44) (-99,44) (-98,44) }
(147,6)  -> {(-106,44) (-105,44) (-104,44) (-103,44) (-102,44) }
(147,7)  -> {(-105,44) (-104,44) (-103,44) (-102,44) (-101,44) }
(148,5)  -> {(-110,44) (-109,44) (-108,44) (-107,44) (-106,44) }
(149,5)  -> {(-114,44) (-114,45) (-113,44) (-113,45) (-112,44) (-112,45) (-111,44) (-111,45) (-110,44) (-110,45) (-109,44) (-109,45) }
(148,6)  -> {(-109,44) (-108,44) (-107,44) (-106,44) (-105,44) }
(148,7)  -> {(-108,44) (-107,44) (-106,44) (-105,44) (-104,44) }
(149,6)  -> {(-113,44) (-113,45) (-112,44) (-112,45) (-111,44) (-111,45) (-110,44) (-110,45) (-109,44) (-109,45) (-108,44) (-108,45) }
(150,4)  -> {(-118,44) (-118,45) (-117,44) (-117,45) (-116,44) (-116,45) (-115,44) (-115,45) (-114,44) (-114,45) }
(150,5)  -> {(-117,44) (-117,45) (-116,44) (-116,45) (-115,44) (-115,45) (-114,44) (-114,45) (-113,44) (-113,45) }
(151,4)  -> {(-121,45) (-120,45) (-119,45) (-118,45) (-117,45) }
(151,5)  -> {(-120,45) (-119,45) (-118,45) (-117,45) (-116,45) }
(150,6)  -> {(-116,44) (-116,45) (-115,44) (-115,45) (-114,44) (-114,45) (-113,44) (-113,45) (-112,44) (-112,45) }
(150,7)  -> {(-115,44) (-115,45) (-114,44) (-114,45) (-113,44) (-113,45) (-112,44) (-112,45) (-111,44) (-111,45) }
(151,6)  -> {(-119,45) (-118,45) (-117,45) (-116,45) (-115,45) }
(151,7)  -> {(-118,45) (-117,45) (-116,45) (-115,45) (-114,45) }
(144,8)  -> {(-94,43) (-93,43) (-92,43) (-91,43) (-90,43) }
(145,8)  -> {(-98,43) (-97,43) (-96,43) (-95,43) (-94,43) (-93,43) }
(145,9)  -> {(-97,43) (-96,43) (-95,43) (-94,43) (-93,43) (-92,43) }
(144,10)  -> {(-92,43) (-91,43) (-90,43) (-89,43) (-88,43) }
(144,11)  -> {(-91,43) (-90,43) (-89,43) (-88,43) (-87,43) }
(145,10)  -> {(-96,43) (-95,43) (-94,43) (-93,43) (-92,43) (-91,43) }
(146,8)  -> {(-101,43) (-101,44) (-100,43) (-99,43) (-98,43) (-97,43) (-100,44) (-99,44) (-98,44) (-97,44) }
(146,9)  -> {(-100,43) (-99,43) (-98,43) (-97,43) (-100,44) (-99,44) (-98,44) (-97,44) (-96,43) (-96,44) }
(147,8)  -> {(-104,44) (-103,44) (-102,44) (-101,44) (-100,44) }
(147,9)  -> {(-103,44) (-102,44) (-101,44) (-100,44) (-99,44) }
(146,10)  -> {(-99,43) (-98,43) (-97,43) (-99,44) (-98,44) (-97,44) (-96,43) (-95,43) (-96,44) (-95,44) }
(147,10)  -> {(-102,44) (-101,44) (-100,44) (-99,44) (-98,44) }
(148,8)  -> {(-107,44) (-106,44) (-105,44) (-104,44) (-103,44) }
(148,9)  -> {(-106,44) (-105,44) (-104,44) (-103,44) (-102,44) }
(149,8)  -> {(-111,44) (-111,45) (-110,44) (-110,45) (-109,44) (-109,45) (-108,44) (-108,45) (-107,44) (-107,45) (-106,44) (-106,45) }
(149,9)  -> {(-110,44) (-110,45) (-109,44) (-109,45) (-108,44) (-108,45) (-107,44) (-107,45) (-106,44) (-106,45) (-105,44) (-105,45) }
(150,8)  -> {(-114,44) (-114,45) (-113,44) (-113,45) (-112,44) (-112,45) (-111,44) (-111,45) (-110,44) (-110,45) }
(150,9)  -> {(-113,44) (-113,45) (-112,44) (-112,45) (-111,44) (-111,45) (-110,44) (-110,45) (-109,44) (-109,45) }
(151,8)  -> {(-117,45) (-116,45) (-115,45) (-114,45) (-113,45) }
(152,5)  -> {(-124,45) (-123,45) (-122,45) (-121,45) (-120,45) (-119,45) }
(152,7)  -> {(-122,45) (-121,45) (-120,45) (-119,45) (-118,45) (-117,45) }
(152,8)  -> {(-121,45) (-120,45) (-119,45) (-118,45) (-117,45) (-116,45) }
(163,0)  -> {(-167,48) (-167,49) (-166,48) (-166,49) (-165,48) (-165,49) (-164,48) (-164,49) (-163,48) (-163,49) (-162,48) (-162,49) }
(164,0)  -> {(-170,49) (-169,49) (-168,49) (-167,49) (-166,49) }
