The 38 generators of H_1 follow:
generator 1
1 * [(144,10)(145,10)]
-1 * [(144,9)(145,9)]
-1 * [(145,9)(145,10)]
1 * [(144,9)(144,10)]
generator 2
1 * [(-10,36)(-9,36)]
generator 3
-1 * [(91,21)(91,22)]
1 * [(91,21)(92,21)]
1 * [(92,21)(93,21)]
1 * [(93,21)(94,21)]
generator 4
1 * [(70,24)(71,24)]
-1 * [(72,23)(72,24)]
1 * [(77,23)(78,23)]
1 * [(79,23)(80,23)]
-1 * [(80,22)(80,23)]
1 * [(74,23)(75,23)]
1 * [(75,23)(76,23)]
1 * [(80,22)(81,22)]
1 * [(78,23)(79,23)]
1 * [(71,24)(72,24)]
1 * [(73,23)(74,23)]
1 * [(76,23)(77,23)]
1 * [(72,23)(73,23)]
generator 5
1 * [(118,15)(119,15)]
-1 * [(118,15)(118,16)]
1 * [(119,16)(119,17)]
-1 * [(118,17)(119,17)]
1 * [(119,15)(119,16)]
generator 6
1 * [(146,8)(146,9)]
-1 * [(143,10)(144,10)]
-1 * [(144,9)(145,9)]
-1 * [(145,9)(146,9)]
-1 * [(146,8)(147,8)]
1 * [(144,9)(144,10)]
generator 7
-1 * [(151,6)(151,7)]
-1 * [(150,6)(151,6)]
generator 8
1 * [(19,27)(20,27)]
1 * [(20,27)(21,27)]
-1 * [(22,26)(22,27)]
1 * [(21,27)(22,27)]
-1 * [(24,25)(24,26)]
1 * [(23,26)(24,26)]
1 * [(22,26)(23,26)]
1 * [(24,25)(25,25)]
1 * [(25,25)(26,25)]
1 * [(26,25)(27,25)]
generator 9
-1 * [(31,31)(32,31)]
-1 * [(32,31)(33,31)]
-1 * [(33,31)(34,31)]
1 * [(35,30)(35,31)]
-1 * [(34,31)(35,31)]
-1 * [(35,30)(36,30)]
-1 * [(36,30)(37,30)]
generator 10
1 * [(96,21)(96,22)]
generator 11
1 * [(-146,-43)(-145,-43)]
generator 12
1 * [(52,19)(52,20)]
-1 * [(50,21)(51,21)]
-1 * [(51,20)(52,20)]
1 * [(51,20)(51,21)]
generator 13
-1 * [(88,-27)(88,-26)]
1 * [(88,-27)(89,-27)]
1 * [(87,-26)(88,-26)]
1 * [(87,-27)(87,-26)]
1 * [(86,-27)(87,-27)]
1 * [(85,-27)(86,-27)]
generator 14
1 * [(-143,-51)(-142,-51)]
generator 15
1 * [(148,7)(148,8)]
generator 16
1 * [(-52,39)(-51,39)]
-1 * [(-61,40)(-61,41)]
1 * [(-51,39)(-50,39)]
1 * [(-49,40)(-48,40)]
1 * [(-59,41)(-58,41)]
1 * [(-46,39)(-45,39)]
1 * [(-54,39)(-53,39)]
1 * [(-62,41)(-61,41)]
1 * [(-60,40)(-60,41)]
1 * [(-55,39)(-54,39)]
-1 * [(-46,39)(-46,40)]
1 * [(-49,39)(-49,40)]
1 * [(-57,40)(-56,40)]
1 * [(-47,40)(-46,40)]
1 * [(-45,39)(-44,39)]
1 * [(-50,39)(-49,39)]
1 * [(-61,40)(-60,40)]
1 * [(-53,39)(-52,39)]
1 * [(-44,39)(-43,39)]
1 * [(-60,41)(-59,41)]
-1 * [(-55,39)(-55,40)]
1 * [(-58,40)(-57,40)]
1 * [(-48,40)(-47,40)]
-1 * [(-58,40)(-58,41)]
1 * [(-56,40)(-55,40)]
generator 17
-1 * [(-98,44)(-98,45)]
1 * [(-99,45)(-98,45)]
1 * [(-102,44)(-101,44)]
1 * [(-103,44)(-102,44)]
-1 * [(-97,43)(-97,44)]
1 * [(-98,44)(-97,44)]
1 * [(-99,44)(-99,45)]
1 * [(-101,44)(-100,44)]
1 * [(-100,44)(-99,44)]
generator 18
1 * [(-172,50)(-171,50)]
1 * [(-171,50)(-170,50)]
generator 19
1 * [(88,21)(88,22)]
generator 20
-1 * [(56,28)(57,28)]
1 * [(58,27)(58,28)]
-1 * [(55,28)(56,28)]
-1 * [(57,28)(58,28)]
generator 21
1 * [(67,-29)(68,-29)]
1 * [(66,-29)(67,-29)]
1 * [(66,-30)(66,-29)]
1 * [(65,-30)(66,-30)]
1 * [(65,-31)(65,-30)]
1 * [(64,-31)(65,-31)]
generator 22
1 * [(142,10)(142,11)]
generator 23
1 * [(-85,40)(-84,40)]
1 * [(-87,40)(-86,40)]
1 * [(-86,40)(-85,40)]
generator 24
-1 * [(135,14)(136,14)]
1 * [(137,13)(137,14)]
-1 * [(136,14)(137,14)]
-1 * [(137,13)(138,13)]
-1 * [(138,13)(139,13)]
1 * [(140,12)(140,13)]
-1 * [(139,13)(140,13)]
generator 25
1 * [(59,-30)(60,-30)]
1 * [(59,-31)(59,-30)]
1 * [(58,-31)(59,-31)]
1 * [(57,-31)(58,-31)]
1 * [(57,-32)(57,-31)]
1 * [(56,-32)(57,-32)]
1 * [(55,-32)(56,-32)]
1 * [(54,-32)(55,-32)]
generator 26
-1 * [(39,30)(40,30)]
-1 * [(41,31)(42,31)]
-1 * [(40,30)(40,31)]
-1 * [(40,31)(41,31)]
1 * [(42,30)(42,31)]
generator 27
1 * [(117,-22)(117,-21)]
1 * [(127,-18)(128,-18)]
1 * [(116,-22)(117,-22)]
-1 * [(115,-22)(115,-21)]
1 * [(115,-22)(116,-22)]
1 * [(126,-18)(127,-18)]
1 * [(123,-19)(124,-19)]
1 * [(121,-20)(121,-19)]
1 * [(120,-20)(121,-20)]
1 * [(117,-21)(118,-21)]
-1 * [(123,-19)(123,-18)]
1 * [(122,-18)(123,-18)]
1 * [(126,-19)(126,-18)]
1 * [(128,-18)(129,-18)]
1 * [(125,-19)(126,-19)]
1 * [(124,-19)(125,-19)]
1 * [(121,-18)(122,-18)]
1 * [(121,-19)(121,-18)]
1 * [(119,-20)(120,-20)]
1 * [(119,-21)(119,-20)]
1 * [(118,-21)(119,-21)]
generator 28
1 * [(138,-14)(139,-14)]
1 * [(138,-15)(138,-14)]
1 * [(139,-13)(140,-13)]
1 * [(139,-14)(139,-13)]
1 * [(141,-13)(141,-12)]
1 * [(140,-13)(141,-13)]
1 * [(141,-12)(142,-12)]
1 * [(142,-12)(143,-12)]
1 * [(136,-17)(136,-16)]
1 * [(135,-17)(136,-17)]
-1 * [(144,-12)(144,-11)]
1 * [(143,-11)(144,-11)]
1 * [(143,-12)(143,-11)]
1 * [(144,-12)(145,-12)]
1 * [(134,-18)(134,-17)]
-1 * [(133,-18)(133,-17)]
1 * [(133,-18)(134,-18)]
-1 * [(137,-16)(137,-15)]
1 * [(136,-15)(137,-15)]
1 * [(136,-16)(136,-15)]
1 * [(138,-16)(138,-15)]
1 * [(137,-16)(138,-16)]
1 * [(134,-17)(135,-17)]
generator 29
-1 * [(-98,44)(-98,45)]
1 * [(-99,45)(-98,45)]
1 * [(-100,43)(-99,43)]
-1 * [(-97,43)(-97,44)]
1 * [(-99,43)(-99,44)]
1 * [(-101,42)(-100,42)]
1 * [(-98,44)(-97,44)]
1 * [(-99,44)(-99,45)]
1 * [(-100,42)(-100,43)]
generator 30
1 * [(-40,35)(-39,35)]
1 * [(-42,35)(-41,35)]
1 * [(-41,35)(-40,35)]
generator 31
1 * [(-88,42)(-88,43)]
generator 32
1 * [(75,12)(76,12)]
-1 * [(74,13)(74,14)]
1 * [(73,14)(74,14)]
-1 * [(79,11)(79,12)]
1 * [(79,11)(80,11)]
1 * [(66,17)(67,17)]
1 * [(78,12)(79,12)]
1 * [(71,14)(72,14)]
1 * [(64,17)(65,17)]
1 * [(62,17)(63,17)]
1 * [(67,16)(68,16)]
1 * [(70,16)(71,16)]
1 * [(65,17)(66,17)]
1 * [(70,15)(70,16)]
-1 * [(77,11)(77,12)]
1 * [(76,12)(77,12)]
-1 * [(68,15)(68,16)]
1 * [(69,15)(70,15)]
1 * [(78,11)(78,12)]
1 * [(68,15)(69,15)]
-1 * [(71,14)(71,15)]
-1 * [(81,9)(81,10)]
1 * [(81,9)(82,9)]
1 * [(80,10)(81,10)]
-1 * [(80,10)(80,11)]
-1 * [(75,12)(75,13)]
1 * [(74,13)(75,13)]
1 * [(63,17)(64,17)]
1 * [(77,11)(78,11)]
-1 * [(71,15)(71,16)]
-1 * [(67,16)(67,17)]
1 * [(72,14)(73,14)]
generator 33
-1 * [(-58,36)(-58,37)]
1 * [(-58,36)(-57,36)]
1 * [(-59,37)(-58,37)]
1 * [(-57,36)(-56,36)]
generator 34
-1 * [(101,20)(101,21)]
1 * [(99,21)(100,21)]
1 * [(100,21)(101,21)]
1 * [(98,21)(99,21)]
1 * [(97,21)(98,21)]
1 * [(101,20)(102,20)]
-1 * [(96,21)(96,22)]
1 * [(96,21)(97,21)]
generator 35
-1 * [(64,25)(65,25)]
1 * [(65,24)(65,25)]
generator 36
1 * [(118,15)(119,15)]
-1 * [(118,15)(118,16)]
1 * [(119,15)(120,15)]
generator 37
1 * [(-87,43)(-86,43)]
1 * [(-87,42)(-87,43)]
1 * [(-88,42)(-87,42)]
generator 38
-1 * [(-96,41)(-95,41)]
1 * [(-96,41)(-96,42)]
